0.000000000000e+00 0.000000000000e+00
7.874015748031e-03 2.753321788689e-02
1.574803149606e-02 5.501887755386e-02
2.362204724409e-02 8.241031718483e-02
3.149606299213e-02 1.096625968455e-01
3.937007874016e-02 1.367331897242e-01
4.724409448819e-02 1.635824901582e-01
5.511811023622e-02 1.901741088368e-01
6.299212598425e-02 2.164749477232e-01
7.086614173228e-02 2.424550695961e-01
7.874015748031e-02 2.680873971461e-01
8.661417322835e-02 2.933472920193e-01
9.448818897638e-02 3.182120734602e-01
1.023622047244e-01 3.426605383677e-01
1.102362204724e-01 3.666725396635e-01
1.181102362205e-01 3.902286687020e-01
1.259842519685e-01 4.133100715992e-01
1.338582677165e-01 4.358984109139e-01
1.417322834646e-01 4.579759653818e-01
1.496062992126e-01 4.795258436832e-01
1.574803149606e-01 5.005322754323e-01
1.653543307087e-01 5.209809351077e-01
1.732283464567e-01 5.408592531489e-01
1.811023622047e-01 5.601566728023e-01
1.889763779528e-01 5.788648206592e-01
1.968503937008e-01 5.969775717326e-01
2.047244094488e-01 6.144910045205e-01
2.125984251969e-01 6.314032558172e-01
2.204724409449e-01 6.477142972010e-01
2.283464566929e-01 6.634256636531e-01
2.362204724409e-01 6.785401686959e-01
2.440944881890e-01 6.930616394867e-01
2.519685039370e-01 7.069946998356e-01
2.598425196850e-01 7.203446200992e-01
2.677165354331e-01 7.331172417398e-01
2.755905511811e-01 7.453189726804e-01
2.834645669291e-01 7.569568390708e-01
2.913385826772e-01 7.680385711380e-01
2.992125984252e-01 7.785726964413e-01
3.070866141732e-01 7.885686135647e-01
3.149606299213e-01 7.980366229541e-01
3.228346456693e-01 8.069878985783e-01
3.307086614173e-01 8.154343932636e-01
3.385826771654e-01 8.233886805251e-01
3.464566929134e-01 8.308637450528e-01
3.543307086614e-01 8.378727413647e-01
3.622047244094e-01 8.444287445093e-01
3.700787401575e-01 8.505445175313e-01
3.779527559055e-01 8.562323176602e-01
3.858267716535e-01 8.615037573307e-01
3.937007874016e-01 8.663697281027e-01
4.015748031496e-01 8.708403865353e-01
4.094488188976e-01 8.749251924066e-01
4.173228346457e-01 8.786329826232e-01
4.251968503937e-01 8.819720597198e-01
4.330708661417e-01 8.849502726271e-01
4.409448818898e-01 8.875750695059e-01
4.488188976378e-01 8.898535075580e-01
4.566929133858e-01 8.917922120249e-01
4.645669291339e-01 8.933972849924e-01
4.724409448819e-01 8.946741728590e-01
4.803149606299e-01 8.956275082011e-01
4.881889763780e-01 8.962609462565e-01
4.960629921260e-01 8.965770177132e-01
5.039370078740e-01 8.965770177132e-01
5.118110236220e-01 8.962609462565e-01
5.196850393701e-01 8.956275082011e-01
5.275590551181e-01 8.946741728590e-01
5.354330708661e-01 8.933972849924e-01
5.433070866142e-01 8.917922120249e-01
5.511811023622e-01 8.898535075580e-01
5.590551181102e-01 8.875750695059e-01
5.669291338583e-01 8.849502726271e-01
5.748031496063e-01 8.819720597198e-01
5.826771653543e-01 8.786329826232e-01
5.905511811024e-01 8.749251924066e-01
5.984251968504e-01 8.708403865353e-01
6.062992125984e-01 8.663697281027e-01
6.141732283465e-01 8.615037573307e-01
6.220472440945e-01 8.562323176602e-01
6.299212598425e-01 8.505445175313e-01
6.377952755906e-01 8.444287445093e-01
6.456692913386e-01 8.378727413647e-01
6.535433070866e-01 8.308637450528e-01
6.614173228346e-01 8.233886805251e-01
6.692913385827e-01 8.154343932636e-01
6.771653543307e-01 8.069878985783e-01
6.850393700787e-01 7.980366229541e-01
6.929133858268e-01 7.885686135647e-01
7.007874015748e-01 7.785726964413e-01
7.086614173228e-01 7.680385711380e-01
7.165354330709e-01 7.569568390708e-01
7.244094488189e-01 7.453189726804e-01
7.322834645669e-01 7.331172417398e-01
7.401574803150e-01 7.203446200992e-01
7.480314960630e-01 7.069946998356e-01
7.559055118110e-01 6.930616394867e-01
7.637795275591e-01 6.785401686959e-01
7.716535433071e-01 6.634256636531e-01
7.795275590551e-01 6.477142972010e-01
7.874015748031e-01 6.314032558172e-01
7.952755905512e-01 6.144910045205e-01
8.031496062992e-01 5.969775717326e-01
8.110236220472e-01 5.788648206592e-01
8.188976377953e-01 5.601566728023e-01
8.267716535433e-01 5.408592531489e-01
8.346456692913e-01 5.209809351077e-01
8.425196850394e-01 5.005322754323e-01
8.503937007874e-01 4.795258436832e-01
8.582677165354e-01 4.579759653818e-01
8.661417322835e-01 4.358984109139e-01
8.740157480315e-01 4.133100715992e-01
8.818897637795e-01 3.902286687020e-01
8.897637795276e-01 3.666725396635e-01
8.976377952756e-01 3.426605383677e-01
9.055118110236e-01 3.182120734602e-01
9.133858267717e-01 2.933472920193e-01
9.212598425197e-01 2.680873971461e-01
9.291338582677e-01 2.424550695961e-01
9.370078740157e-01 2.164749477232e-01
9.448818897638e-01 1.901741088368e-01
9.527559055118e-01 1.635824901582e-01
9.606299212598e-01 1.367331897242e-01
9.685039370079e-01 1.096625968455e-01
9.763779527559e-01 8.241031718483e-02
9.842519685039e-01 5.501887755386e-02
9.921259842520e-01 2.753321788689e-02
1.000000000000e+00 1.366120931444e-16
