0.000000000000e+00 0.000000000000e+00
7.874015748031e-03 3.551692976317e-02
1.574803149606e-02 7.095368776511e-02
2.362204724409e-02 1.062312566842e-01
3.149606299213e-02 1.412728542281e-01
3.937007874016e-02 1.760048736816e-01
4.724409448819e-02 2.103576326424e-01
5.511811023622e-02 2.442658976708e-01
6.299212598425e-02 2.776691748982e-01
7.086614173228e-02 3.105117792011e-01
7.874015748031e-02 3.427427148178e-01
8.661417322835e-02 3.743154160068e-01
9.448818897638e-02 4.051874058892e-01
1.023622047244e-01 4.353199340906e-01
1.102362204724e-01 4.646776491956e-01
1.181102362205e-01 4.932283511844e-01
1.259842519685e-01 5.209428535004e-01
1.338582677165e-01 5.477949662710e-01
1.417322834646e-01 5.737615937885e-01
1.496062992126e-01 5.988229229386e-01
1.574803149606e-01 6.229626667494e-01
1.653543307087e-01 6.461683200293e-01
1.732283464567e-01 6.684313827941e-01
1.811023622047e-01 6.897475117488e-01
1.889763779528e-01 7.101165696175e-01
1.968503937008e-01 7.295425551583e-01
2.047244094488e-01 7.480334114002e-01
2.125984251969e-01 7.656007240241e-01
2.204724409449e-01 7.822593340063e-01
2.283464566929e-01 7.980268971694e-01
2.362204724409e-01 8.129234271842e-01
2.440944881890e-01 8.269708575482e-01
2.519685039370e-01 8.401926525083e-01
2.598425196850e-01 8.526134877548e-01
2.677165354331e-01 8.642590104156e-01
2.755905511811e-01 8.751556760562e-01
2.834645669291e-01 8.853306497007e-01
2.913385826772e-01 8.948117497594e-01
2.992125984252e-01 9.036274091986e-01
3.070866141732e-01 9.118066277991e-01
3.149606299213e-01 9.193788928222e-01
3.228346456693e-01 9.263740521724e-01
3.307086614173e-01 9.328221331194e-01
3.385826771654e-01 9.387531094305e-01
3.464566929134e-01 9.441966289169e-01
3.543307086614e-01 9.491817205890e-01
3.622047244094e-01 9.537365048352e-01
3.700787401575e-01 9.578879307313e-01
3.779527559055e-01 9.616615617194e-01
3.858267716535e-01 9.650814249407e-01
3.937007874016e-01 9.681699313864e-01
4.015748031496e-01 9.709478649520e-01
4.094488188976e-01 9.734344297761e-01
4.173228346457e-01 9.756473381674e-01
4.251968503937e-01 9.776029169769e-01
4.330708661417e-01 9.793162090546e-01
4.409448818898e-01 9.808010485802e-01
4.488188976378e-01 9.820700942056e-01
4.566929133858e-01 9.831348113095e-01
4.645669291339e-01 9.840054031330e-01
4.724409448819e-01 9.846906988889e-01
4.803149606299e-01 9.851980139024e-01
4.881889763780e-01 9.855330014271e-01
4.960629921260e-01 9.856995173516e-01
5.039370078740e-01 9.856995173516e-01
5.118110236220e-01 9.855330014271e-01
5.196850393701e-01 9.851980139024e-01
5.275590551181e-01 9.846906988889e-01
5.354330708661e-01 9.840054031330e-01
5.433070866142e-01 9.831348113095e-01
5.511811023622e-01 9.820700942056e-01
5.590551181102e-01 9.808010485802e-01
5.669291338583e-01 9.793162090546e-01
5.748031496063e-01 9.776029169769e-01
5.826771653543e-01 9.756473381674e-01
5.905511811024e-01 9.734344297761e-01
5.984251968504e-01 9.709478649520e-01
6.062992125984e-01 9.681699313864e-01
6.141732283465e-01 9.650814249407e-01
6.220472440945e-01 9.616615617194e-01
6.299212598425e-01 9.578879307313e-01
6.377952755906e-01 9.537365048352e-01
6.456692913386e-01 9.491817205890e-01
6.535433070866e-01 9.441966289169e-01
6.614173228346e-01 9.387531094305e-01
6.692913385827e-01 9.328221331194e-01
6.771653543307e-01 9.263740521724e-01
6.850393700787e-01 9.193788928222e-01
6.929133858268e-01 9.118066277991e-01
7.007874015748e-01 9.036274091986e-01
7.086614173228e-01 8.948117497594e-01
7.165354330709e-01 8.853306497007e-01
7.244094488189e-01 8.751556760562e-01
7.322834645669e-01 8.642590104156e-01
7.401574803150e-01 8.526134877548e-01
7.480314960630e-01 8.401926525083e-01
7.559055118110e-01 8.269708575482e-01
7.637795275591e-01 8.129234271842e-01
7.716535433071e-01 7.980268971694e-01
7.795275590551e-01 7.822593340063e-01
7.874015748031e-01 7.656007240241e-01
7.952755905512e-01 7.480334114002e-01
8.031496062992e-01 7.295425551583e-01
8.110236220472e-01 7.101165696175e-01
8.188976377953e-01 6.897475117488e-01
8.267716535433e-01 6.684313827941e-01
8.346456692913e-01 6.461683200293e-01
8.425196850394e-01 6.229626667494e-01
8.503937007874e-01 5.988229229386e-01
8.582677165354e-01 5.737615937885e-01
8.661417322835e-01 5.477949662710e-01
8.740157480315e-01 5.209428535004e-01
8.818897637795e-01 4.932283511844e-01
8.897637795276e-01 4.646776491956e-01
8.976377952756e-01 4.353199340906e-01
9.055118110236e-01 4.051874058892e-01
9.133858267717e-01 3.743154160068e-01
9.212598425197e-01 3.427427148178e-01
9.291338582677e-01 3.105117792011e-01
9.370078740157e-01 2.776691748982e-01
9.448818897638e-01 2.442658976708e-01
9.527559055118e-01 2.103576326424e-01
9.606299212598e-01 1.760048736816e-01
9.685039370079e-01 1.412728542281e-01
9.763779527559e-01 1.062312566842e-01
9.842519685039e-01 7.095368776511e-02
9.921259842520e-01 3.551692976317e-02
1.000000000000e+00 1.761638365202e-16
