0.000000000000e+00 0.000000000000e+00
7.874015748031e-03 2.184003094148e-02
1.574803149606e-02 4.364635010097e-02
2.362204724409e-02 6.538606640021e-02
3.149606299213e-02 8.702785981742e-02
3.937007874016e-02 1.085425986469e-01
4.724409448819e-02 1.299037752455e-01
5.511811023622e-02 1.510877311986e-01
6.299212598425e-02 1.720736649645e-01
7.086614173228e-02 1.928434373913e-01
7.874015748031e-02 2.133812104965e-01
8.661417322835e-02 2.336729703297e-01
9.448818897638e-02 2.537059939460e-01
1.023622047244e-01 2.734683226488e-01
1.102362204724e-01 2.929482986899e-01
1.181102362205e-01 3.121342114007e-01
1.259842519685e-01 3.310140828274e-01
1.338582677165e-01 3.495756044431e-01
1.417322834646e-01 3.678062177321e-01
1.496062992126e-01 3.856933146630e-01
1.574803149606e-01 4.032245212299e-01
1.653543307087e-01 4.203880197213e-01
1.732283464567e-01 4.371728638317e-01
1.811023622047e-01 4.535692450489e-01
1.889763779528e-01 4.695686780629e-01
1.968503937008e-01 4.851640858115e-01
2.047244094488e-01 5.003497793380e-01
2.125984251969e-01 5.151213419248e-01
2.204724409449e-01 5.294754391019e-01
2.283464566929e-01 5.434095846342e-01
2.362204724409e-01 5.569218965063e-01
2.440944881890e-01 5.700108759574e-01
2.519685039370e-01 5.826752371409e-01
2.598425196850e-01 5.949138059629e-01
2.677165354331e-01 6.067254954881e-01
2.755905511811e-01 6.181093536484e-01
2.834645669291e-01 6.290646684776e-01
2.913385826772e-01 6.395911081689e-01
2.992125984252e-01 6.496888689062e-01
3.070866141732e-01 6.593588031568e-01
3.149606299213e-01 6.686025047993e-01
3.228346456693e-01 6.774223344596e-01
3.307086614173e-01 6.858213776169e-01
3.385826771654e-01 6.938033380423e-01
3.464566929134e-01 7.013723784912e-01
3.543307086614e-01 7.085329279496e-01
3.622047244094e-01 7.152894791324e-01
3.700787401575e-01 7.216464007868e-01
3.779527559055e-01 7.276077866239e-01
3.858267716535e-01 7.331773568765e-01
3.937007874016e-01 7.383584204605e-01
4.015748031496e-01 7.431538967243e-01
4.094488188976e-01 7.475663871298e-01
4.173228346457e-01 7.515982801732e-01
4.251968503937e-01 7.552518684291e-01
4.330708661417e-01 7.585294553899e-01
4.409448818898e-01 7.614334319033e-01
4.488188976378e-01 7.639663071307e-01
4.566929133858e-01 7.661306862573e-01
4.645669291339e-01 7.679291955944e-01
4.724409448819e-01 7.693643639562e-01
4.803149606299e-01 7.704384760695e-01
4.881889763780e-01 7.711534182612e-01
4.960629921260e-01 7.715105381300e-01
5.039370078740e-01 7.715105381300e-01
5.118110236220e-01 7.711534182612e-01
5.196850393701e-01 7.704384760695e-01
5.275590551181e-01 7.693643639562e-01
5.354330708661e-01 7.679291955944e-01
5.433070866142e-01 7.661306862573e-01
5.511811023622e-01 7.639663071307e-01
5.590551181102e-01 7.614334319033e-01
5.669291338583e-01 7.585294553899e-01
5.748031496063e-01 7.552518684291e-01
5.826771653543e-01 7.515982801732e-01
5.905511811024e-01 7.475663871298e-01
5.984251968504e-01 7.431538967243e-01
6.062992125984e-01 7.383584204605e-01
6.141732283465e-01 7.331773568765e-01
6.220472440945e-01 7.276077866239e-01
6.299212598425e-01 7.216464007868e-01
6.377952755906e-01 7.152894791324e-01
6.456692913386e-01 7.085329279496e-01
6.535433070866e-01 7.013723784912e-01
6.614173228346e-01 6.938033380423e-01
6.692913385827e-01 6.858213776169e-01
6.771653543307e-01 6.774223344596e-01
6.850393700787e-01 6.686025047993e-01
6.929133858268e-01 6.593588031568e-01
7.007874015748e-01 6.496888689062e-01
7.086614173228e-01 6.395911081689e-01
7.165354330709e-01 6.290646684776e-01
7.244094488189e-01 6.181093536484e-01
7.322834645669e-01 6.067254954881e-01
7.401574803150e-01 5.949138059629e-01
7.480314960630e-01 5.826752371409e-01
7.559055118110e-01 5.700108759574e-01
7.637795275591e-01 5.569218965063e-01
7.716535433071e-01 5.434095846342e-01
7.795275590551e-01 5.294754391019e-01
7.874015748031e-01 5.151213419248e-01
7.952755905512e-01 5.003497793380e-01
8.031496062992e-01 4.851640858115e-01
8.110236220472e-01 4.695686780629e-01
8.188976377953e-01 4.535692450489e-01
8.267716535433e-01 4.371728638317e-01
8.346456692913e-01 4.203880197213e-01
8.425196850394e-01 4.032245212299e-01
8.503937007874e-01 3.856933146630e-01
8.582677165354e-01 3.678062177321e-01
8.661417322835e-01 3.495756044431e-01
8.740157480315e-01 3.310140828274e-01
8.818897637795e-01 3.121342114007e-01
8.897637795276e-01 2.929482986899e-01
8.976377952756e-01 2.734683226488e-01
9.055118110236e-01 2.537059939460e-01
9.133858267717e-01 2.336729703297e-01
9.212598425197e-01 2.133812104965e-01
9.291338582677e-01 1.928434373913e-01
9.370078740157e-01 1.720736649645e-01
9.448818897638e-01 1.510877311986e-01
9.527559055118e-01 1.299037752455e-01
9.606299212598e-01 1.085425986469e-01
9.685039370079e-01 8.702785981742e-02
9.763779527559e-01 6.538606640021e-02
9.842519685039e-01 4.364635010097e-02
9.921259842520e-01 2.184003094148e-02
1.000000000000e+00 1.084155191006e-16
