0.000000000000e+00 0.000000000000e+00
7.874015748031e-03 1.423582701650e-02
1.574803149606e-02 2.844879332696e-02
2.362204724409e-02 4.261681674108e-02
3.149606299213e-02 5.671930199242e-02
3.937007874016e-02 7.073771653857e-02
4.724409448819e-02 8.465598557142e-02
5.511811023622e-02 9.846067740410e-02
6.299212598425e-02 1.121409725197e-01
7.086614173228e-02 1.256884318944e-01
7.874015748031e-02 1.390966001959e-01
8.661417322835e-02 1.523604948724e-01
9.448818897638e-02 1.654760413493e-01
1.023622047244e-01 1.784395166620e-01
1.102362204724e-01 1.912470588714e-01
1.181102362205e-01 2.038942883784e-01
1.259842519685e-01 2.163760713363e-01
1.338582677165e-01 2.286864368423e-01
1.417322834646e-01 2.408186407957e-01
1.496062992126e-01 2.527653525127e-01
1.574803149606e-01 2.645189273319e-01
1.653543307087e-01 2.760717209065e-01
1.732283464567e-01 2.874163993187e-01
1.811023622047e-01 2.985462034462e-01
1.889763779528e-01 3.094551353118e-01
1.968503937008e-01 3.201380469938e-01
2.047244094488e-01 3.305906272217e-01
2.125984251969e-01 3.408092950497e-01
2.204724409449e-01 3.507910221252e-01
2.283464566929e-01 3.605331135541e-01
2.362204724409e-01 3.700329812686e-01
2.440944881890e-01 3.792879428247e-01
2.519685039370e-01 3.882950730638e-01
2.598425196850e-01 3.970511270424e-01
2.677165354331e-01 4.055525414618e-01
2.755905511811e-01 4.137955101622e-01
2.834645669291e-01 4.217761187303e-01
2.913385826772e-01 4.294905153356e-01
2.992125984252e-01 4.369350905597e-01
3.070866141732e-01 4.441066387145e-01
3.149606299213e-01 4.510024768311e-01
3.228346456693e-01 4.576205044969e-01
3.307086614173e-01 4.639591969063e-01
3.385826771654e-01 4.700175334946e-01
3.464566929134e-01 4.757948738820e-01
3.543307086614e-01 4.812908002361e-01
3.622047244094e-01 4.865049495665e-01
3.700787401575e-01 4.914368603182e-01
3.779527559055e-01 4.960858549119e-01
3.858267716535e-01 5.004509740560e-01
3.937007874016e-01 5.045309706416e-01
4.015748031496e-01 5.083243620477e-01
4.094488188976e-01 5.118295310495e-01
4.173228346457e-01 5.150448584937e-01
4.251968503937e-01 5.179688664934e-01
4.330708661417e-01 5.206003496871e-01
4.409448818898e-01 5.229384742511e-01
4.488188976378e-01 5.249828294804e-01
4.566929133858e-01 5.267334240753e-01
4.645669291339e-01 5.281906276867e-01
4.724409448819e-01 5.293550665282e-01
4.803149606299e-01 5.302274887477e-01
4.881889763780e-01 5.308086197502e-01
4.960629921260e-01 5.310990291335e-01
5.039370078740e-01 5.310990291335e-01
5.118110236220e-01 5.308086197502e-01
5.196850393701e-01 5.302274887477e-01
5.275590551181e-01 5.293550665282e-01
5.354330708661e-01 5.281906276867e-01
5.433070866142e-01 5.267334240753e-01
5.511811023622e-01 5.249828294804e-01
5.590551181102e-01 5.229384742511e-01
5.669291338583e-01 5.206003496871e-01
5.748031496063e-01 5.179688664934e-01
5.826771653543e-01 5.150448584937e-01
5.905511811024e-01 5.118295310495e-01
5.984251968504e-01 5.083243620477e-01
6.062992125984e-01 5.045309706416e-01
6.141732283465e-01 5.004509740560e-01
6.220472440945e-01 4.960858549119e-01
6.299212598425e-01 4.914368603182e-01
6.377952755906e-01 4.865049495665e-01
6.456692913386e-01 4.812908002361e-01
6.535433070866e-01 4.757948738820e-01
6.614173228346e-01 4.700175334946e-01
6.692913385827e-01 4.639591969063e-01
6.771653543307e-01 4.576205044969e-01
6.850393700787e-01 4.510024768311e-01
6.929133858268e-01 4.441066387145e-01
7.007874015748e-01 4.369350905597e-01
7.086614173228e-01 4.294905153356e-01
7.165354330709e-01 4.217761187303e-01
7.244094488189e-01 4.137955101622e-01
7.322834645669e-01 4.055525414618e-01
7.401574803150e-01 3.970511270424e-01
7.480314960630e-01 3.882950730638e-01
7.559055118110e-01 3.792879428247e-01
7.637795275591e-01 3.700329812686e-01
7.716535433071e-01 3.605331135541e-01
7.795275590551e-01 3.507910221252e-01
7.874015748031e-01 3.408092950497e-01
7.952755905512e-01 3.305906272217e-01
8.031496062992e-01 3.201380469938e-01
8.110236220472e-01 3.094551353118e-01
8.188976377953e-01 2.985462034462e-01
8.267716535433e-01 2.874163993187e-01
8.346456692913e-01 2.760717209065e-01
8.425196850394e-01 2.645189273319e-01
8.503937007874e-01 2.527653525127e-01
8.582677165354e-01 2.408186407957e-01
8.661417322835e-01 2.286864368423e-01
8.740157480315e-01 2.163760713363e-01
8.818897637795e-01 2.038942883784e-01
8.897637795276e-01 1.912470588714e-01
8.976377952756e-01 1.784395166620e-01
9.055118110236e-01 1.654760413493e-01
9.133858267717e-01 1.523604948724e-01
9.212598425197e-01 1.390966001959e-01
9.291338582677e-01 1.256884318944e-01
9.370078740157e-01 1.121409725197e-01
9.448818897638e-01 9.846067740410e-02
9.527559055118e-01 8.465598557142e-02
9.606299212598e-01 7.073771653857e-02
9.685039370079e-01 5.671930199242e-02
9.763779527559e-01 4.261681674108e-02
9.842519685039e-01 2.844879332696e-02
9.921259842520e-01 1.423582701650e-02
1.000000000000e+00 7.076059195847e-17
