0.000000000000e+00 0.000000000000e+00
7.874015748031e-03 5.040890402839e-02
1.574803149606e-02 1.006126812158e-01
2.362204724409e-02 1.504092046541e-01
3.149606299213e-02 1.996022339077e-01
3.937007874016e-02 2.480040835466e-01
4.724409448819e-02 2.954379856868e-01
5.511811023622e-02 3.417400812593e-01
6.299212598425e-02 3.867610011443e-01
7.086614173228e-02 4.303670257251e-01
7.874015748031e-02 4.724408371099e-01
8.661417322835e-02 5.128818998272e-01
9.448818897638e-02 5.516065213660e-01
1.023622047244e-01 5.885476524505e-01
1.102362204724e-01 6.236544881882e-01
1.181102362205e-01 6.568919258862e-01
1.259842519685e-01 6.882399247866e-01
1.338582677165e-01 7.176927991763e-01
1.417322834646e-01 7.452584614890e-01
1.496062992126e-01 7.709576183369e-01
1.574803149606e-01 7.948229117834e-01
1.653543307087e-01 8.168979919541e-01
1.732283464567e-01 8.372365059674e-01
1.811023622047e-01 8.559009920647e-01
1.889763779528e-01 8.729616759608e-01
1.968503937008e-01 8.884951774423e-01
2.047244094488e-01 9.025831473878e-01
2.125984251969e-01 9.153108667978e-01
2.204724409449e-01 9.267658483624e-01
2.283464566929e-01 9.370364861987e-01
2.362204724409e-01 9.462107998210e-01
2.440944881890e-01 9.543753139838e-01
2.519685039370e-01 9.616141072220e-01
2.598425196850e-01 9.680080497716e-01
2.677165354331e-01 9.736342375406e-01
2.755905511811e-01 9.785656146310e-01
2.834645669291e-01 9.828707642547e-01
2.913385826772e-01 9.866138381914e-01
2.992125984252e-01 9.898545892257e-01
3.070866141732e-01 9.926484697408e-01
3.149606299213e-01 9.950467627100e-01
3.228346456693e-01 9.970967180286e-01
3.307086614173e-01 9.988416763206e-01
3.385826771654e-01 1.000321172615e+00
3.464566929134e-01 1.001571022114e+00
3.543307086614e-01 1.002623398291e+00
3.622047244094e-01 1.003506918725e+00
3.700787401575e-01 1.004246755767e+00
3.779527559055e-01 1.004864787318e+00
3.858267716535e-01 1.005379798053e+00
3.937007874016e-01 1.005807734319e+00
4.015748031496e-01 1.006162007776e+00
4.094488188976e-01 1.006453835018e+00
4.173228346457e-01 1.006692594086e+00
4.251968503937e-01 1.006886174994e+00
4.330708661417e-01 1.007041300757e+00
4.409448818898e-01 1.007163797972e+00
4.488188976378e-01 1.007258801526e+00
4.566929133858e-01 1.007330885593e+00
4.645669291339e-01 1.007384121715e+00
4.724409448819e-01 1.007422073127e+00
4.803149606299e-01 1.007447741476e+00
4.881889763780e-01 1.007463486554e+00
4.960629921260e-01 1.007470941132e+00
5.039370078740e-01 1.007470941132e+00
5.118110236220e-01 1.007463486554e+00
5.196850393701e-01 1.007447741476e+00
5.275590551181e-01 1.007422073127e+00
5.354330708661e-01 1.007384121715e+00
5.433070866142e-01 1.007330885593e+00
5.511811023622e-01 1.007258801526e+00
5.590551181102e-01 1.007163797972e+00
5.669291338583e-01 1.007041300757e+00
5.748031496063e-01 1.006886174994e+00
5.826771653543e-01 1.006692594086e+00
5.905511811024e-01 1.006453835018e+00
5.984251968504e-01 1.006162007776e+00
6.062992125984e-01 1.005807734319e+00
6.141732283465e-01 1.005379798053e+00
6.220472440945e-01 1.004864787318e+00
6.299212598425e-01 1.004246755767e+00
6.377952755906e-01 1.003506918725e+00
6.456692913386e-01 1.002623398291e+00
6.535433070866e-01 1.001571022114e+00
6.614173228346e-01 1.000321172615e+00
6.692913385827e-01 9.988416763206e-01
6.771653543307e-01 9.970967180286e-01
6.850393700787e-01 9.950467627100e-01
6.929133858268e-01 9.926484697408e-01
7.007874015748e-01 9.898545892257e-01
7.086614173228e-01 9.866138381914e-01
7.165354330709e-01 9.828707642547e-01
7.244094488189e-01 9.785656146310e-01
7.322834645669e-01 9.736342375406e-01
7.401574803150e-01 9.680080497716e-01
7.480314960630e-01 9.616141072220e-01
7.559055118110e-01 9.543753139838e-01
7.637795275591e-01 9.462107998210e-01
7.716535433071e-01 9.370364861987e-01
7.795275590551e-01 9.267658483624e-01
7.874015748031e-01 9.153108667978e-01
7.952755905512e-01 9.025831473878e-01
8.031496062992e-01 8.884951774423e-01
8.110236220472e-01 8.729616759608e-01
8.188976377953e-01 8.559009920647e-01
8.267716535433e-01 8.372365059674e-01
8.346456692913e-01 8.168979919541e-01
8.425196850394e-01 7.948229117834e-01
8.503937007874e-01 7.709576183369e-01
8.582677165354e-01 7.452584614890e-01
8.661417322835e-01 7.176927991763e-01
8.740157480315e-01 6.882399247866e-01
8.818897637795e-01 6.568919258862e-01
8.897637795276e-01 6.236544881882e-01
8.976377952756e-01 5.885476524505e-01
9.055118110236e-01 5.516065213660e-01
9.133858267717e-01 5.128818998272e-01
9.212598425197e-01 4.724408371099e-01
9.291338582677e-01 4.303670257251e-01
9.370078740157e-01 3.867610011443e-01
9.448818897638e-01 3.417400812593e-01
9.527559055118e-01 2.954379856868e-01
9.606299212598e-01 2.480040835466e-01
9.685039370079e-01 1.996022339077e-01
9.763779527559e-01 1.504092046541e-01
9.842519685039e-01 1.006126812158e-01
9.921259842520e-01 5.040890402839e-02
1.000000000000e+00 2.500223391472e-16
