0.000000000000e+00 0.000000000000e+00
7.874015748031e-03 1.754239075643e-02
1.574803149606e-02 3.505803964166e-02
2.362204724409e-02 5.252099605973e-02
3.149606299213e-02 6.990682179020e-02
3.937007874016e-02 8.719317934606e-02
4.724409448819e-02 1.043602393413e-01
5.511811023622e-02 1.213908779696e-01
6.299212598425e-02 1.382706578161e-01
7.086614173228e-02 1.549876075535e-01
7.874015748031e-02 1.715318360635e-01
8.661417322835e-02 1.878950319440e-01
9.448818897638e-02 2.040699085651e-01
1.023622047244e-01 2.200496569509e-01
1.102362204724e-01 2.358274637906e-01
1.181102362205e-01 2.513961406490e-01
1.259842519685e-01 2.667478945394e-01
1.338582677165e-01 2.818742515051e-01
1.417322834646e-01 2.967661260672e-01
1.496062992126e-01 3.114140126046e-01
1.574803149606e-01 3.258082618788e-01
1.653543307087e-01 3.399393983860e-01
1.732283464567e-01 3.537984326596e-01
1.811023622047e-01 3.673771269489e-01
1.889763779528e-01 3.806681820049e-01
1.968503937008e-01 3.936653255531e-01
2.047244094488e-01 4.063632975900e-01
2.125984251969e-01 4.187577419086e-01
2.204724409449e-01 4.308450253874e-01
2.283464566929e-01 4.426220150704e-01
2.362204724409e-01 4.540858469708e-01
2.440944881890e-01 4.652337195549e-01
2.519685039370e-01 4.760627393799e-01
2.598425196850e-01 4.865698373267e-01
2.677165354331e-01 4.967517627029e-01
2.755905511811e-01 5.066051508255e-01
2.834645669291e-01 5.161266491839e-01
2.913385826772e-01 5.253130793467e-01
2.992125984252e-01 5.341616074324e-01
3.070866141732e-01 5.426698956947e-01
3.149606299213e-01 5.508362114622e-01
3.228346456693e-01 5.586594766682e-01
3.307086614173e-01 5.661392503958e-01
3.385826771654e-01 5.732756468694e-01
3.464566929134e-01 5.800692006774e-01
3.543307086614e-01 5.865206983994e-01
3.622047244094e-01 5.926310002079e-01
3.700787401575e-01 5.984008758736e-01
3.779527559055e-01 6.038308768811e-01
3.858267716535e-01 6.089212605359e-01
3.937007874016e-01 6.136719739321e-01
4.015748031496e-01 6.180826966616e-01
4.094488188976e-01 6.221529325094e-01
4.173228346457e-01 6.258821333507e-01
4.251968503937e-01 6.292698340481e-01
4.330708661417e-01 6.323157759391e-01
4.409448818898e-01 6.350199986449e-01
4.488188976378e-01 6.373828850538e-01
4.566929133858e-01 6.394051516528e-01
4.645669291339e-01 6.410877847898e-01
4.724409448819e-01 6.424319317058e-01
4.803149606299e-01 6.434387620507e-01
4.881889763780e-01 6.441093200982e-01
4.960629921260e-01 6.444443893349e-01
5.039370078740e-01 6.444443893349e-01
5.118110236220e-01 6.441093200982e-01
5.196850393701e-01 6.434387620507e-01
5.275590551181e-01 6.424319317058e-01
5.354330708661e-01 6.410877847898e-01
5.433070866142e-01 6.394051516528e-01
5.511811023622e-01 6.373828850538e-01
5.590551181102e-01 6.350199986449e-01
5.669291338583e-01 6.323157759391e-01
5.748031496063e-01 6.292698340481e-01
5.826771653543e-01 6.258821333507e-01
5.905511811024e-01 6.221529325094e-01
5.984251968504e-01 6.180826966616e-01
6.062992125984e-01 6.136719739321e-01
6.141732283465e-01 6.089212605359e-01
6.220472440945e-01 6.038308768811e-01
6.299212598425e-01 5.984008758736e-01
6.377952755906e-01 5.926310002079e-01
6.456692913386e-01 5.865206983994e-01
6.535433070866e-01 5.800692006774e-01
6.614173228346e-01 5.732756468694e-01
6.692913385827e-01 5.661392503958e-01
6.771653543307e-01 5.586594766682e-01
6.850393700787e-01 5.508362114622e-01
6.929133858268e-01 5.426698956947e-01
7.007874015748e-01 5.341616074324e-01
7.086614173228e-01 5.253130793467e-01
7.165354330709e-01 5.161266491839e-01
7.244094488189e-01 5.066051508255e-01
7.322834645669e-01 4.967517627029e-01
7.401574803150e-01 4.865698373267e-01
7.480314960630e-01 4.760627393799e-01
7.559055118110e-01 4.652337195549e-01
7.637795275591e-01 4.540858469708e-01
7.716535433071e-01 4.426220150704e-01
7.795275590551e-01 4.308450253874e-01
7.874015748031e-01 4.187577419086e-01
7.952755905512e-01 4.063632975900e-01
8.031496062992e-01 3.936653255531e-01
8.110236220472e-01 3.806681820049e-01
8.188976377953e-01 3.673771269489e-01
8.267716535433e-01 3.537984326596e-01
8.346456692913e-01 3.399393983860e-01
8.425196850394e-01 3.258082618788e-01
8.503937007874e-01 3.114140126046e-01
8.582677165354e-01 2.967661260672e-01
8.661417322835e-01 2.818742515051e-01
8.740157480315e-01 2.667478945394e-01
8.818897637795e-01 2.513961406490e-01
8.897637795276e-01 2.358274637906e-01
8.976377952756e-01 2.200496569509e-01
9.055118110236e-01 2.040699085651e-01
9.133858267717e-01 1.878950319440e-01
9.212598425197e-01 1.715318360635e-01
9.291338582677e-01 1.549876075535e-01
9.370078740157e-01 1.382706578161e-01
9.448818897638e-01 1.213908779696e-01
9.527559055118e-01 1.043602393413e-01
9.606299212598e-01 8.719317934606e-02
9.685039370079e-01 6.990682179020e-02
9.763779527559e-01 5.252099605973e-02
9.842519685039e-01 3.505803964166e-02
9.921259842520e-01 1.754239075643e-02
1.000000000000e+00 8.713352958086e-17
