0.000000000000e+00 0.000000000000e+00
7.874015748031e-03 1.166366046514e-02
1.574803149606e-02 2.330682870240e-02
2.362204724409e-02 3.490978515708e-02
3.149606299213e-02 4.645428554120e-02
3.937007874016e-02 5.792413087519e-02
4.724409448819e-02 6.930555682301e-02
5.511811023622e-02 8.058741351478e-02
6.299212598425e-02 9.176112916820e-02
7.086614173228e-02 1.028204731476e-01
7.874015748031e-02 1.137611540852e-01
8.661417322835e-02 1.245803041058e-01
9.448818897638e-02 1.352759093919e-01
1.023622047244e-01 1.458462494411e-01
1.102362204724e-01 1.562894023818e-01
1.181102362205e-01 1.666028624811e-01
1.259842519685e-01 1.767833000611e-01
1.338582677165e-01 1.868264755202e-01
1.417322834646e-01 1.967273003598e-01
1.496062992126e-01 2.064800213173e-01
1.574803149606e-01 2.160784908501e-01
1.653543307087e-01 2.255164796731e-01
1.732283464567e-01 2.347879854907e-01
1.811023622047e-01 2.438874963578e-01
1.889763779528e-01 2.528101764009e-01
1.968503937008e-01 2.615519544768e-01
2.047244094488e-01 2.701095108908e-01
2.125984251969e-01 2.784801715635e-01
2.204724409449e-01 2.866617311532e-01
2.283464566929e-01 2.946522351319e-01
2.362204724409e-01 3.024497547066e-01
2.440944881890e-01 3.100521875010e-01
2.519685039370e-01 3.174571114209e-01
2.598425196850e-01 3.246617100883e-01
2.677165354331e-01 3.316627770602e-01
2.755905511811e-01 3.384567943779e-01
2.834645669291e-01 3.450400704762e-01
2.913385826772e-01 3.514089145449e-01
2.992125984252e-01 3.575598200864e-01
3.070866141732e-01 3.634896301397e-01
3.149606299213e-01 3.691956603306e-01
3.228346456693e-01 3.746757628987e-01
3.307086614173e-01 3.799283240420e-01
3.385826771654e-01 3.849521969225e-01
3.464566929134e-01 3.897465820326e-01
3.543307086614e-01 3.943108740061e-01
3.622047244094e-01 3.986444983579e-01
3.700787401575e-01 4.027467624957e-01
3.779527559055e-01 4.066167426244e-01
3.858267716535e-01 4.102532223410e-01
3.937007874016e-01 4.136546907093e-01
4.015748031496e-01 4.168193986144e-01
4.094488188976e-01 4.197454635669e-01
4.173228346457e-01 4.224310061001e-01
4.251968503937e-01 4.248742964873e-01
4.330708661417e-01 4.270738893078e-01
4.409448818898e-01 4.290287255277e-01
4.488188976378e-01 4.307381868966e-01
4.566929133858e-01 4.322020947780e-01
4.645669291339e-01 4.334206539541e-01
4.724409448819e-01 4.343943501988e-01
4.803149606299e-01 4.351238173007e-01
4.881889763780e-01 4.356096937194e-01
4.960629921260e-01 4.358524905267e-01
5.039370078740e-01 4.358524905267e-01
5.118110236220e-01 4.356096937194e-01
5.196850393701e-01 4.351238173007e-01
5.275590551181e-01 4.343943501988e-01
5.354330708661e-01 4.334206539541e-01
5.433070866142e-01 4.322020947780e-01
5.511811023622e-01 4.307381868966e-01
5.590551181102e-01 4.290287255277e-01
5.669291338583e-01 4.270738893078e-01
5.748031496063e-01 4.248742964873e-01
5.826771653543e-01 4.224310061001e-01
5.905511811024e-01 4.197454635669e-01
5.984251968504e-01 4.168193986144e-01
6.062992125984e-01 4.136546907093e-01
6.141732283465e-01 4.102532223410e-01
6.220472440945e-01 4.066167426244e-01
6.299212598425e-01 4.027467624957e-01
6.377952755906e-01 3.986444983579e-01
6.456692913386e-01 3.943108740061e-01
6.535433070866e-01 3.897465820326e-01
6.614173228346e-01 3.849521969225e-01
6.692913385827e-01 3.799283240420e-01
6.771653543307e-01 3.746757628987e-01
6.850393700787e-01 3.691956603306e-01
6.929133858268e-01 3.634896301397e-01
7.007874015748e-01 3.575598200864e-01
7.086614173228e-01 3.514089145449e-01
7.165354330709e-01 3.450400704762e-01
7.244094488189e-01 3.384567943779e-01
7.322834645669e-01 3.316627770602e-01
7.401574803150e-01 3.246617100883e-01
7.480314960630e-01 3.174571114209e-01
7.559055118110e-01 3.100521875010e-01
7.637795275591e-01 3.024497547066e-01
7.716535433071e-01 2.946522351319e-01
7.795275590551e-01 2.866617311532e-01
7.874015748031e-01 2.784801715635e-01
7.952755905512e-01 2.701095108908e-01
8.031496062992e-01 2.615519544768e-01
8.110236220472e-01 2.528101764009e-01
8.188976377953e-01 2.438874963578e-01
8.267716535433e-01 2.347879854907e-01
8.346456692913e-01 2.255164796731e-01
8.425196850394e-01 2.160784908501e-01
8.503937007874e-01 2.064800213173e-01
8.582677165354e-01 1.967273003598e-01
8.661417322835e-01 1.868264755202e-01
8.740157480315e-01 1.767833000611e-01
8.818897637795e-01 1.666028624811e-01
8.897637795276e-01 1.562894023818e-01
8.976377952756e-01 1.458462494411e-01
9.055118110236e-01 1.352759093919e-01
9.133858267717e-01 1.245803041058e-01
9.212598425197e-01 1.137611540852e-01
9.291338582677e-01 1.028204731476e-01
9.370078740157e-01 9.176112916820e-02
9.448818897638e-01 8.058741351478e-02
9.527559055118e-01 6.930555682301e-02
9.606299212598e-01 5.792413087519e-02
9.685039370079e-01 4.645428554120e-02
9.763779527559e-01 3.490978515707e-02
9.842519685039e-01 2.330682870240e-02
9.921259842520e-01 1.166366046514e-02
1.000000000000e+00 5.802466778829e-17
