0.000000000000e+00 0.000000000000e+00
7.874015748031e-03 2.762074780730e-02
1.574803149606e-02 5.514700066474e-02
2.362204724409e-02 8.254639460625e-02
3.149606299213e-02 1.097868265081e-01
3.937007874016e-02 1.368365823247e-01
4.724409448819e-02 1.636644627243e-01
5.511811023622e-02 1.902399052936e-01
6.299212598425e-02 2.165331025115e-01
7.086614173228e-02 2.425151147302e-01
7.874015748031e-02 2.681579774433e-01
8.661417322835e-02 2.934348021756e-01
9.448818897638e-02 3.183198703788e-01
1.023622047244e-01 3.427887197816e-01
1.102362204724e-01 3.668182227068e-01
1.181102362205e-01 3.903866559335e-01
1.259842519685e-01 4.134737617544e-01
1.338582677165e-01 4.360607999516e-01
1.417322834646e-01 4.581305904850e-01
1.496062992126e-01 4.796675467628e-01
1.574803149606e-01 5.006576994369e-01
1.653543307087e-01 5.210887107365e-01
1.732283464567e-01 5.409498794253e-01
1.811023622047e-01 5.602321365335e-01
1.889763779528e-01 5.789280320807e-01
1.968503937008e-01 5.970317130672e-01
2.047244094488e-01 6.145388930662e-01
2.125984251969e-01 6.314468138013e-01
2.204724409449e-01 6.477541991420e-01
2.283464566929e-01 6.634612019877e-01
2.362204724409e-01 6.785693445509e-01
2.440944881890e-01 6.930814525755e-01
2.519685039370e-01 7.070015840552e-01
2.598425196850e-01 7.203349530311e-01
2.677165354331e-01 7.330878490640e-01
2.755905511811e-01 7.452675529830e-01
2.834645669291e-01 7.568822495131e-01
2.913385826772e-01 7.679409373839e-01
2.992125984252e-01 7.784533375122e-01
3.070866141732e-01 7.884297998401e-01
3.149606299213e-01 7.978812093946e-01
3.228346456693e-01 8.068188921153e-01
3.307086614173e-01 8.152545209737e-01
3.385826771654e-01 8.232000228851e-01
3.464566929134e-01 8.306674868836e-01
3.543307086614e-01 8.376690740057e-01
3.622047244094e-01 8.442169292956e-01
3.700787401575e-01 8.503230963169e-01
3.779527559055e-01 8.559994345226e-01
3.858267716535e-01 8.612575398060e-01
3.937007874016e-01 8.661086685262e-01
4.015748031496e-01 8.705636652684e-01
4.094488188976e-01 8.746328945758e-01
4.173228346457e-01 8.783261768611e-01
4.251968503937e-01 8.816527286772e-01
4.330708661417e-01 8.846211075101e-01
4.409448818898e-01 8.872391612271e-01
4.488188976378e-01 8.895139822999e-01
4.566929133858e-01 8.914518668996e-01
4.645669291339e-01 8.930582789475e-01
4.724409448819e-01 8.943378191884e-01
4.803149606299e-01 8.952941993420e-01
4.881889763780e-01 8.959302213760e-01
4.960629921260e-01 8.962477619322e-01
5.039370078740e-01 8.962477619322e-01
5.118110236220e-01 8.959302213760e-01
5.196850393701e-01 8.952941993420e-01
5.275590551181e-01 8.943378191884e-01
5.354330708661e-01 8.930582789475e-01
5.433070866142e-01 8.914518668996e-01
5.511811023622e-01 8.895139822999e-01
5.590551181102e-01 8.872391612271e-01
5.669291338583e-01 8.846211075101e-01
5.748031496063e-01 8.816527286772e-01
5.826771653543e-01 8.783261768611e-01
5.905511811024e-01 8.746328945758e-01
5.984251968504e-01 8.705636652684e-01
6.062992125984e-01 8.661086685262e-01
6.141732283465e-01 8.612575398060e-01
6.220472440945e-01 8.559994345226e-01
6.299212598425e-01 8.503230963169e-01
6.377952755906e-01 8.442169292956e-01
6.456692913386e-01 8.376690740057e-01
6.535433070866e-01 8.306674868836e-01
6.614173228346e-01 8.232000228851e-01
6.692913385827e-01 8.152545209737e-01
6.771653543307e-01 8.068188921153e-01
6.850393700787e-01 7.978812093946e-01
6.929133858268e-01 7.884297998401e-01
7.007874015748e-01 7.784533375122e-01
7.086614173228e-01 7.679409373839e-01
7.165354330709e-01 7.568822495131e-01
7.244094488189e-01 7.452675529830e-01
7.322834645669e-01 7.330878490640e-01
7.401574803150e-01 7.203349530311e-01
7.480314960630e-01 7.070015840552e-01
7.559055118110e-01 6.930814525755e-01
7.637795275591e-01 6.785693445509e-01
7.716535433071e-01 6.634612019877e-01
7.795275590551e-01 6.477541991420e-01
7.874015748031e-01 6.314468138013e-01
7.952755905512e-01 6.145388930662e-01
8.031496062992e-01 5.970317130672e-01
8.110236220472e-01 5.789280320807e-01
8.188976377953e-01 5.602321365335e-01
8.267716535433e-01 5.409498794253e-01
8.346456692913e-01 5.210887107365e-01
8.425196850394e-01 5.006576994369e-01
8.503937007874e-01 4.796675467628e-01
8.582677165354e-01 4.581305904850e-01
8.661417322835e-01 4.360607999516e-01
8.740157480315e-01 4.134737617544e-01
8.818897637795e-01 3.903866559335e-01
8.897637795276e-01 3.668182227068e-01
8.976377952756e-01 3.427887197816e-01
9.055118110236e-01 3.183198703788e-01
9.133858267717e-01 2.934348021756e-01
9.212598425197e-01 2.681579774433e-01
9.291338582677e-01 2.425151147302e-01
9.370078740157e-01 2.165331025115e-01
9.448818897638e-01 1.902399052936e-01
9.527559055118e-01 1.636644627243e-01
9.606299212598e-01 1.368365823247e-01
9.685039370079e-01 1.097868265081e-01
9.763779527559e-01 8.254639460625e-02
9.842519685039e-01 5.514700066474e-02
9.921259842520e-01 2.762074780730e-02
1.000000000000e+00 0.000000000000e+00
