0.000000000000e+00 0.000000000000e+00
7.874015748031e-03 1.174754897925e-02
1.574803149606e-02 2.342776632154e-02
2.362204724409e-02 3.503532668353e-02
3.149606299213e-02 4.656491704179e-02
3.937007874016e-02 5.801124280469e-02
4.724409448819e-02 6.936903386674e-02
5.511811023622e-02 8.063305058667e-02
6.299212598425e-02 9.179808967088e-02
7.086614173228e-02 1.028589899443e-01
7.874015748031e-02 1.138106379908e-01
8.661417322835e-02 1.246479736475e-01
9.448818897638e-02 1.353659953348e-01
1.023622047244e-01 1.459597652086e-01
1.102362204724e-01 1.564244141193e-01
1.181102362205e-01 1.667551463634e-01
1.259842519685e-01 1.769472442166e-01
1.338582677165e-01 1.869960722342e-01
1.417322834646e-01 1.968970813107e-01
1.496062992126e-01 2.066458124881e-01
1.574803149606e-01 2.162379005035e-01
1.653543307087e-01 2.256690770718e-01
1.732283464567e-01 2.349351738948e-01
1.811023622047e-01 2.440321253938e-01
1.889763779528e-01 2.529559711633e-01
1.968503937008e-01 2.617028581418e-01
2.047244094488e-01 2.702690425021e-01
2.125984251969e-01 2.786508912594e-01
2.204724409449e-01 2.868448836016e-01
2.283464566929e-01 2.948476119450e-01
2.362204724409e-01 3.026557827192e-01
2.440944881890e-01 3.102662168892e-01
2.519685039370e-01 3.176758502218e-01
2.598425196850e-01 3.248817333036e-01
2.677165354331e-01 3.318810313236e-01
2.755905511811e-01 3.386710236280e-01
2.834645669291e-01 3.452491030616e-01
2.913385826772e-01 3.516127751089e-01
2.992125984252e-01 3.577596568472e-01
3.070866141732e-01 3.636874757277e-01
3.149606299213e-01 3.693940682002e-01
3.228346456693e-01 3.748773781972e-01
3.307086614173e-01 3.801354554935e-01
3.385826771654e-01 3.851664539597e-01
3.464566929134e-01 3.899686297255e-01
3.543307086614e-01 3.945403392719e-01
3.622047244094e-01 3.988800374691e-01
3.700787401575e-01 4.029862755779e-01
3.779527559055e-01 4.068576992337e-01
3.858267716535e-01 4.104930464278e-01
3.937007874016e-01 4.138911455069e-01
4.015748031496e-01 4.170509132039e-01
4.094488188976e-01 4.199713527190e-01
4.173228346457e-01 4.226515518661e-01
4.251968503937e-01 4.250906812983e-01
4.330708661417e-01 4.272879928286e-01
4.409448818898e-01 4.292428178579e-01
4.488188976378e-01 4.309545659230e-01
4.566929133858e-01 4.324227233765e-01
4.645669291339e-01 4.336468522078e-01
4.724409448819e-01 4.346265890157e-01
4.803149606299e-01 4.353616441399e-01
4.881889763780e-01 4.358518009575e-01
4.960629921260e-01 4.360969153508e-01
5.039370078740e-01 4.360969153508e-01
5.118110236220e-01 4.358518009575e-01
5.196850393701e-01 4.353616441399e-01
5.275590551181e-01 4.346265890157e-01
5.354330708661e-01 4.336468522078e-01
5.433070866142e-01 4.324227233765e-01
5.511811023622e-01 4.309545659230e-01
5.590551181102e-01 4.292428178579e-01
5.669291338583e-01 4.272879928286e-01
5.748031496063e-01 4.250906812983e-01
5.826771653543e-01 4.226515518661e-01
5.905511811024e-01 4.199713527190e-01
5.984251968504e-01 4.170509132039e-01
6.062992125984e-01 4.138911455069e-01
6.141732283465e-01 4.104930464278e-01
6.220472440945e-01 4.068576992337e-01
6.299212598425e-01 4.029862755779e-01
6.377952755906e-01 3.988800374691e-01
6.456692913386e-01 3.945403392719e-01
6.535433070866e-01 3.899686297255e-01
6.614173228346e-01 3.851664539597e-01
6.692913385827e-01 3.801354554935e-01
6.771653543307e-01 3.748773781972e-01
6.850393700787e-01 3.693940682002e-01
6.929133858268e-01 3.636874757277e-01
7.007874015748e-01 3.577596568472e-01
7.086614173228e-01 3.516127751089e-01
7.165354330709e-01 3.452491030616e-01
7.244094488189e-01 3.386710236280e-01
7.322834645669e-01 3.318810313236e-01
7.401574803150e-01 3.248817333036e-01
7.480314960630e-01 3.176758502218e-01
7.559055118110e-01 3.102662168892e-01
7.637795275591e-01 3.026557827192e-01
7.716535433071e-01 2.948476119450e-01
7.795275590551e-01 2.868448836016e-01
7.874015748031e-01 2.786508912594e-01
7.952755905512e-01 2.702690425021e-01
8.031496062992e-01 2.617028581418e-01
8.110236220472e-01 2.529559711633e-01
8.188976377953e-01 2.440321253938e-01
8.267716535433e-01 2.349351738948e-01
8.346456692913e-01 2.256690770718e-01
8.425196850394e-01 2.162379005035e-01
8.503937007874e-01 2.066458124881e-01
8.582677165354e-01 1.968970813107e-01
8.661417322835e-01 1.869960722342e-01
8.740157480315e-01 1.769472442166e-01
8.818897637795e-01 1.667551463634e-01
8.897637795276e-01 1.564244141193e-01
8.976377952756e-01 1.459597652086e-01
9.055118110236e-01 1.353659953348e-01
9.133858267717e-01 1.246479736475e-01
9.212598425197e-01 1.138106379908e-01
9.291338582677e-01 1.028589899443e-01
9.370078740157e-01 9.179808967088e-02
9.448818897638e-01 8.063305058667e-02
9.527559055118e-01 6.936903386674e-02
9.606299212598e-01 5.801124280469e-02
9.685039370079e-01 4.656491704179e-02
9.763779527559e-01 3.503532668353e-02
9.842519685039e-01 2.342776632154e-02
9.921259842520e-01 1.174754897925e-02
1.000000000000e+00 0.000000000000e+00
