0.000000000000e+00 0.000000000000e+00
7.874015748031e-03 3.561410514529e-02
1.574803149606e-02 7.110091984931e-02
2.362204724409e-02 1.063955458774e-01
3.149606299213e-02 1.414338652953e-01
3.937007874016e-02 1.761529210098e-01
4.724409448819e-02 2.104912859268e-01
5.511811023622e-02 2.443894171755e-01
6.299212598425e-02 2.777899920526e-01
7.086614173228e-02 3.106382225867e-01
7.874015748031e-02 3.428821459113e-01
8.661417322835e-02 3.744728879569e-01
9.448818897638e-02 4.053648983227e-01
1.023622047244e-01 4.355161545645e-01
1.102362204724e-01 4.648883345268e-01
1.181102362205e-01 4.934469557467e-01
1.259842519685e-01 5.211614813676e-01
1.338582677165e-01 5.480053923980e-01
1.417322834646e-01 5.739562265522e-01
1.496062992126e-01 5.989955842845e-01
1.574803149606e-01 6.231091029896e-01
1.653543307087e-01 6.462864006804e-01
1.732283464567e-01 6.685209907522e-01
1.811023622047e-01 6.898101697225e-01
1.889763779528e-01 7.101548800645e-01
1.968503937008e-01 7.295595504537e-01
2.047244094488e-01 7.480319159016e-01
2.125984251969e-01 7.655828203679e-01
2.204724409449e-01 7.822260045168e-01
2.283464566929e-01 7.979778813193e-01
2.362204724409e-01 8.128573021976e-01
2.440944881890e-01 8.268853163702e-01
2.519685039370e-01 8.400849259763e-01
2.598425196850e-01 8.524808394572e-01
2.677165354331e-01 8.640992255333e-01
2.755905511811e-01 8.749674699584e-01
2.834645669291e-01 8.851139370518e-01
2.913385826772e-01 8.945677378144e-01
2.992125984252e-01 9.033585062243e-01
3.070866141732e-01 9.115161850889e-01
3.149606299213e-01 9.190708226127e-01
3.228346456693e-01 9.260523806099e-01
3.307086614173e-01 9.324905550788e-01
3.385826771654e-01 9.384146096316e-01
3.464566929134e-01 9.438532220754e-01
3.543307086614e-01 9.488343442400e-01
3.622047244094e-01 9.533850749714e-01
3.700787401575e-01 9.575315460428e-01
3.779527559055e-01 9.612988205901e-01
3.858267716535e-01 9.647108035453e-01
3.937007874016e-01 9.677901634381e-01
4.015748031496e-01 9.705582648383e-01
4.094488188976e-01 9.730351106486e-01
4.173228346457e-01 9.752392934019e-01
4.251968503937e-01 9.771879546896e-01
4.330708661417e-01 9.788967518340e-01
4.409448818898e-01 9.803798309240e-01
4.488188976378e-01 9.816498053566e-01
4.566929133858e-01 9.827177390658e-01
4.645669291339e-01 9.835931336721e-01
4.724409448819e-01 9.842839188554e-01
4.803149606299e-01 9.847964453278e-01
4.881889763780e-01 9.851354798744e-01
4.960629921260e-01 9.853042020254e-01
5.039370078740e-01 9.853042020254e-01
5.118110236220e-01 9.851354798744e-01
5.196850393701e-01 9.847964453278e-01
5.275590551181e-01 9.842839188554e-01
5.354330708661e-01 9.835931336721e-01
5.433070866142e-01 9.827177390658e-01
5.511811023622e-01 9.816498053566e-01
5.590551181102e-01 9.803798309240e-01
5.669291338583e-01 9.788967518340e-01
5.748031496063e-01 9.771879546896e-01
5.826771653543e-01 9.752392934019e-01
5.905511811024e-01 9.730351106486e-01
5.984251968504e-01 9.705582648383e-01
6.062992125984e-01 9.677901634381e-01
6.141732283465e-01 9.647108035453e-01
6.220472440945e-01 9.612988205901e-01
6.299212598425e-01 9.575315460428e-01
6.377952755906e-01 9.533850749714e-01
6.456692913386e-01 9.488343442400e-01
6.535433070866e-01 9.438532220754e-01
6.614173228346e-01 9.384146096316e-01
6.692913385827e-01 9.324905550788e-01
6.771653543307e-01 9.260523806099e-01
6.850393700787e-01 9.190708226127e-01
6.929133858268e-01 9.115161850889e-01
7.007874015748e-01 9.033585062243e-01
7.086614173228e-01 8.945677378144e-01
7.165354330709e-01 8.851139370518e-01
7.244094488189e-01 8.749674699584e-01
7.322834645669e-01 8.640992255333e-01
7.401574803150e-01 8.524808394572e-01
7.480314960630e-01 8.400849259763e-01
7.559055118110e-01 8.268853163702e-01
7.637795275591e-01 8.128573021976e-01
7.716535433071e-01 7.979778813193e-01
7.795275590551e-01 7.822260045168e-01
7.874015748031e-01 7.655828203679e-01
7.952755905512e-01 7.480319159016e-01
8.031496062992e-01 7.295595504537e-01
8.110236220472e-01 7.101548800645e-01
8.188976377953e-01 6.898101697225e-01
8.267716535433e-01 6.685209907522e-01
8.346456692913e-01 6.462864006804e-01
8.425196850394e-01 6.231091029896e-01
8.503937007874e-01 5.989955842845e-01
8.582677165354e-01 5.739562265522e-01
8.661417322835e-01 5.480053923980e-01
8.740157480315e-01 5.211614813676e-01
8.818897637795e-01 4.934469557467e-01
8.897637795276e-01 4.648883345268e-01
8.976377952756e-01 4.355161545645e-01
9.055118110236e-01 4.053648983227e-01
9.133858267717e-01 3.744728879569e-01
9.212598425197e-01 3.428821459113e-01
9.291338582677e-01 3.106382225867e-01
9.370078740157e-01 2.777899920526e-01
9.448818897638e-01 2.443894171755e-01
9.527559055118e-01 2.104912859268e-01
9.606299212598e-01 1.761529210098e-01
9.685039370079e-01 1.414338652953e-01
9.763779527559e-01 1.063955458774e-01
9.842519685039e-01 7.110091984931e-02
9.921259842520e-01 3.561410514529e-02
1.000000000000e+00 0.000000000000e+00
