0.000000000000e+00 0.000000000000e+00
7.874015748031e-03 1.762767977263e-02
1.574803149606e-02 3.518175787324e-02
2.362204724409e-02 5.265065765520e-02
3.149606299213e-02 7.002285215902e-02
3.937007874016e-02 8.728688866765e-02
4.724409448819e-02 1.044314129176e-01
5.511811023622e-02 1.214451928544e-01
6.299212598425e-02 1.383171418229e-01
7.086614173228e-02 1.550363410871e-01
7.874015748031e-02 1.715920615774e-01
8.661417322835e-02 1.879737847664e-01
9.448818897638e-02 2.041712225828e-01
1.023622047244e-01 2.201743362736e-01
1.102362204724e-01 2.359733541345e-01
1.181102362205e-01 2.515587880340e-01
1.259842519685e-01 2.669214486609e-01
1.338582677165e-01 2.820524594361e-01
1.417322834646e-01 2.969432690344e-01
1.496062992126e-01 3.115856624694e-01
1.574803149606e-01 3.259717707049e-01
1.653543307087e-01 3.400940787620e-01
1.732283464567e-01 3.539454323012e-01
1.811023622047e-01 3.675190426647e-01
1.889763779528e-01 3.808084903762e-01
1.968503937008e-01 3.938077271007e-01
2.047244094488e-01 4.065110760750e-01
2.125984251969e-01 4.189132310318e-01
2.204724409449e-01 4.310092536426e-01
2.283464566929e-01 4.427945695173e-01
2.362204724409e-01 4.542649628037e-01
2.440944881890e-01 4.654165694361e-01
2.519685039370e-01 4.762458690940e-01
2.598425196850e-01 4.867496759318e-01
2.677165354331e-01 4.969251281529e-01
2.755905511811e-01 5.067696765025e-01
2.834645669291e-01 5.162810717628e-01
2.913385826772e-01 5.254573513346e-01
2.992125984252e-01 5.342968249990e-01
3.070866141732e-01 5.427980599508e-01
3.149606299213e-01 5.509598652040e-01
3.228346456693e-01 5.587812754681e-01
3.307086614173e-01 5.662615345988e-01
3.385826771654e-01 5.734000787264e-01
3.464566929134e-01 5.801965191679e-01
3.543307086614e-01 5.866506252276e-01
3.622047244094e-01 5.927623069915e-01
3.700787401575e-01 5.985315982207e-01
3.779527559055e-01 6.039586394457e-01
3.858267716535e-01 6.090436613644e-01
3.937007874016e-01 6.137869686416e-01
4.015748031496e-01 6.181889242066e-01
4.094488188976e-01 6.222499341412e-01
4.173228346457e-01 6.259704332472e-01
4.251968503937e-01 6.293508713777e-01
4.330708661417e-01 6.323917006108e-01
4.409448818898e-01 6.350933633420e-01
4.488188976378e-01 6.374562813630e-01
4.566929133858e-01 6.394808459895e-01
4.645669291339e-01 6.411674092964e-01
4.724409448819e-01 6.425162765091e-01
4.803149606299e-01 6.435276995956e-01
4.881889763780e-01 6.442018720954e-01
4.960629921260e-01 6.445389252158e-01
5.039370078740e-01 6.445389252158e-01
5.118110236220e-01 6.442018720954e-01
5.196850393701e-01 6.435276995956e-01
5.275590551181e-01 6.425162765091e-01
5.354330708661e-01 6.411674092964e-01
5.433070866142e-01 6.394808459895e-01
5.511811023622e-01 6.374562813630e-01
5.590551181102e-01 6.350933633420e-01
5.669291338583e-01 6.323917006108e-01
5.748031496063e-01 6.293508713777e-01
5.826771653543e-01 6.259704332472e-01
5.905511811024e-01 6.222499341412e-01
5.984251968504e-01 6.181889242066e-01
6.062992125984e-01 6.137869686416e-01
6.141732283465e-01 6.090436613644e-01
6.220472440945e-01 6.039586394457e-01
6.299212598425e-01 5.985315982207e-01
6.377952755906e-01 5.927623069915e-01
6.456692913386e-01 5.866506252276e-01
6.535433070866e-01 5.801965191679e-01
6.614173228346e-01 5.734000787264e-01
6.692913385827e-01 5.662615345988e-01
6.771653543307e-01 5.587812754681e-01
6.850393700787e-01 5.509598652040e-01
6.929133858268e-01 5.427980599508e-01
7.007874015748e-01 5.342968249990e-01
7.086614173228e-01 5.254573513346e-01
7.165354330709e-01 5.162810717628e-01
7.244094488189e-01 5.067696765025e-01
7.322834645669e-01 4.969251281529e-01
7.401574803150e-01 4.867496759318e-01
7.480314960630e-01 4.762458690940e-01
7.559055118110e-01 4.654165694361e-01
7.637795275591e-01 4.542649628037e-01
7.716535433071e-01 4.427945695173e-01
7.795275590551e-01 4.310092536426e-01
7.874015748031e-01 4.189132310318e-01
7.952755905512e-01 4.065110760750e-01
8.031496062992e-01 3.938077271007e-01
8.110236220472e-01 3.808084903762e-01
8.188976377953e-01 3.675190426647e-01
8.267716535433e-01 3.539454323012e-01
8.346456692913e-01 3.400940787620e-01
8.425196850394e-01 3.259717707049e-01
8.503937007874e-01 3.115856624694e-01
8.582677165354e-01 2.969432690344e-01
8.661417322835e-01 2.820524594361e-01
8.740157480315e-01 2.669214486609e-01
8.818897637795e-01 2.515587880340e-01
8.897637795276e-01 2.359733541345e-01
8.976377952756e-01 2.201743362736e-01
9.055118110236e-01 2.041712225828e-01
9.133858267717e-01 1.879737847664e-01
9.212598425197e-01 1.715920615774e-01
9.291338582677e-01 1.550363410871e-01
9.370078740157e-01 1.383171418229e-01
9.448818897638e-01 1.214451928544e-01
9.527559055118e-01 1.044314129176e-01
9.606299212598e-01 8.728688866765e-02
9.685039370079e-01 7.002285215902e-02
9.763779527559e-01 5.265065765520e-02
9.842519685039e-01 3.518175787324e-02
9.921259842520e-01 1.762767977263e-02
1.000000000000e+00 0.000000000000e+00
