0.000000000000e+00 0.000000000000e+00
7.874015748031e-03 1.432041875336e-02
1.574803149606e-02 2.857113013868e-02
2.362204724409e-02 4.274443896737e-02
3.149606299213e-02 5.683267411413e-02
3.937007874016e-02 7.082820042986e-02
4.724409448819e-02 8.472343051273e-02
5.511811023622e-02 9.851083629142e-02
6.299212598425e-02 1.121829603751e-01
7.086614173228e-02 1.257324271267e-01
7.874015748031e-02 1.391519534161e-01
8.661417322835e-02 1.524343590135e-01
9.448818897638e-02 1.655725765829e-01
1.023622047244e-01 1.785596612396e-01
1.102362204724e-01 1.913887996364e-01
1.181102362205e-01 2.040533185468e-01
1.259842519685e-01 2.165466929151e-01
1.338582677165e-01 2.288625533472e-01
1.417322834646e-01 2.409946930171e-01
1.496062992126e-01 2.529370739696e-01
1.574803149606e-01 2.646838328000e-01
1.653543307087e-01 2.762292856976e-01
1.732283464567e-01 2.875679328400e-01
1.811023622047e-01 2.986944621328e-01
1.889763779528e-01 3.096037522872e-01
1.968503937008e-01 3.202908752374e-01
2.047244094488e-01 3.307510978978e-01
2.125984251969e-01 3.409798832671e-01
2.204724409449e-01 3.509728908878e-01
2.283464566929e-01 3.607259766734e-01
2.362204724409e-01 3.702351921195e-01
2.440944881890e-01 3.794967829173e-01
2.519685039370e-01 3.885071869900e-01
2.598425196850e-01 3.972630319796e-01
2.677165354331e-01 4.057611322078e-01
2.755905511811e-01 4.139984851446e-01
2.834645669291e-01 4.219722674139e-01
2.913385826772e-01 4.296798303727e-01
2.992125984252e-01 4.371186953002e-01
3.070866141732e-01 4.442865482335e-01
3.149606299213e-01 4.511812344932e-01
3.228346456693e-01 4.578007529366e-01
3.307086614173e-01 4.641432499835e-01
3.385826771654e-01 4.702070134577e-01
3.464566929134e-01 4.759904662863e-01
3.543307086614e-01 4.814921601043e-01
3.622047244094e-01 4.867107688056e-01
3.700787401575e-01 4.916450820877e-01
3.779527559055e-01 4.962939990323e-01
3.858267716535e-01 5.006565217658e-01
3.937007874016e-01 5.047317492425e-01
4.015748031496e-01 5.085188711911e-01
4.094488188976e-01 5.120171622655e-01
4.173228346457e-01 5.152259764378e-01
4.251968503937e-01 5.181447416704e-01
4.330708661417e-01 5.207729549023e-01
4.409448818898e-01 5.231101773817e-01
4.488188976378e-01 5.251560303750e-01
4.566929133858e-01 5.269101912806e-01
4.645669291339e-01 5.283723901724e-01
4.724409448819e-01 5.295424067942e-01
4.803149606299e-01 5.304200680256e-01
4.881889763780e-01 5.310052458348e-01
4.960629921260e-01 5.312978557318e-01
5.039370078740e-01 5.312978557318e-01
5.118110236220e-01 5.310052458348e-01
5.196850393701e-01 5.304200680256e-01
5.275590551181e-01 5.295424067942e-01
5.354330708661e-01 5.283723901724e-01
5.433070866142e-01 5.269101912806e-01
5.511811023622e-01 5.251560303750e-01
5.590551181102e-01 5.231101773817e-01
5.669291338583e-01 5.207729549023e-01
5.748031496063e-01 5.181447416704e-01
5.826771653543e-01 5.152259764378e-01
5.905511811024e-01 5.120171622655e-01
5.984251968504e-01 5.085188711911e-01
6.062992125984e-01 5.047317492425e-01
6.141732283465e-01 5.006565217658e-01
6.220472440945e-01 4.962939990323e-01
6.299212598425e-01 4.916450820877e-01
6.377952755906e-01 4.867107688056e-01
6.456692913386e-01 4.814921601043e-01
6.535433070866e-01 4.759904662863e-01
6.614173228346e-01 4.702070134577e-01
6.692913385827e-01 4.641432499835e-01
6.771653543307e-01 4.578007529366e-01
6.850393700787e-01 4.511812344932e-01
6.929133858268e-01 4.442865482335e-01
7.007874015748e-01 4.371186953002e-01
7.086614173228e-01 4.296798303727e-01
7.165354330709e-01 4.219722674139e-01
7.244094488189e-01 4.139984851446e-01
7.322834645669e-01 4.057611322078e-01
7.401574803150e-01 3.972630319796e-01
7.480314960630e-01 3.885071869900e-01
7.559055118110e-01 3.794967829173e-01
7.637795275591e-01 3.702351921195e-01
7.716535433071e-01 3.607259766734e-01
7.795275590551e-01 3.509728908878e-01
7.874015748031e-01 3.409798832671e-01
7.952755905512e-01 3.307510978978e-01
8.031496062992e-01 3.202908752374e-01
8.110236220472e-01 3.096037522872e-01
8.188976377953e-01 2.986944621328e-01
8.267716535433e-01 2.875679328400e-01
8.346456692913e-01 2.762292856976e-01
8.425196850394e-01 2.646838328000e-01
8.503937007874e-01 2.529370739696e-01
8.582677165354e-01 2.409946930171e-01
8.661417322835e-01 2.288625533472e-01
8.740157480315e-01 2.165466929151e-01
8.818897637795e-01 2.040533185468e-01
8.897637795276e-01 1.913887996364e-01
8.976377952756e-01 1.785596612396e-01
9.055118110236e-01 1.655725765829e-01
9.133858267717e-01 1.524343590135e-01
9.212598425197e-01 1.391519534161e-01
9.291338582677e-01 1.257324271267e-01
9.370078740157e-01 1.121829603751e-01
9.448818897638e-01 9.851083629142e-02
9.527559055118e-01 8.472343051273e-02
9.606299212598e-01 7.082820042986e-02
9.685039370079e-01 5.683267411413e-02
9.763779527559e-01 4.274443896737e-02
9.842519685039e-01 2.857113013868e-02
9.921259842520e-01 1.432041875336e-02
1.000000000000e+00 0.000000000000e+00
