0.000000000000e+00 0.000000000000e+00
7.874015748031e-03 2.192601758649e-02
1.574803149606e-02 4.377143945955e-02
2.362204724409e-02 6.551772455771e-02
3.149606299213e-02 8.714644058182e-02
3.937007874016e-02 1.086393176443e-01
4.724409448819e-02 1.299783010458e-01
5.511811023622e-02 1.511456028965e-01
6.299212598425e-02 1.721237523094e-01
7.086614173228e-02 1.928956438994e-01
7.874015748031e-02 2.134445843352e-01
8.661417322835e-02 2.337543367032e-01
9.448818897638e-02 2.538091624579e-01
1.023622047244e-01 2.735938607461e-01
1.102362204724e-01 2.930938049131e-01
1.181102362205e-01 3.122949760153e-01
1.259842519685e-01 3.311839931817e-01
1.338582677165e-01 3.497481406895e-01
1.417322834646e-01 3.679753916373e-01
1.496062992126e-01 3.858544281219e-01
1.574803149606e-01 4.033746578468e-01
1.653543307087e-01 4.205262271105e-01
1.732283464567e-01 4.373000301463e-01
1.811023622047e-01 4.536877148069e-01
1.889763779528e-01 4.696816846080e-01
1.968503937008e-01 4.852750971666e-01
2.047244094488e-01 5.004618590905e-01
2.125984251969e-01 5.152366173958e-01
2.204724409449e-01 5.295947475471e-01
2.283464566929e-01 5.435323382350e-01
2.362204724409e-01 5.570461730220e-01
2.440944881890e-01 5.701337090036e-01
2.519685039370e-01 5.827930526479e-01
2.598425196850e-01 5.950229329887e-01
2.677165354331e-01 6.068226723620e-01
2.755905511811e-01 6.181921548848e-01
2.834645669291e-01 6.291317928857e-01
2.913385826772e-01 6.396424915064e-01
2.992125984252e-01 6.497256116965e-01
3.070866141732e-01 6.593829318356e-01
3.149606299213e-01 6.686166082132e-01
3.228346456693e-01 6.774291346075e-01
3.307086614173e-01 6.858233011989e-01
3.385826771654e-01 6.938021530598e-01
3.464566929134e-01 7.013689484558e-01
3.543307086614e-01 7.085271171964e-01
3.622047244094e-01 7.152802192655e-01
3.700787401575e-01 7.216319039595e-01
3.779527559055e-01 7.275858697556e-01
3.858267716535e-01 7.331458251242e-01
3.937007874016e-01 7.383154504937e-01
4.015748031496e-01 7.430983615682e-01
4.094488188976e-01 7.474980741856e-01
4.173228346457e-01 7.515179708999e-01
4.251968503937e-01 7.551612694541e-01
4.330708661417e-01 7.584309933062e-01
4.409448818898e-01 7.613299443524e-01
4.488188976378e-01 7.638606779853e-01
4.566929133858e-01 7.660254806076e-01
4.645669291339e-01 7.678263497141e-01
4.724409448819e-01 7.692649766364e-01
4.803149606299e-01 7.703427320347e-01
4.881889763780e-01 7.710606542077e-01
4.960629921260e-01 7.714194402748e-01
5.039370078740e-01 7.714194402748e-01
5.118110236220e-01 7.710606542077e-01
5.196850393701e-01 7.703427320347e-01
5.275590551181e-01 7.692649766364e-01
5.354330708661e-01 7.678263497141e-01
5.433070866142e-01 7.660254806076e-01
5.511811023622e-01 7.638606779853e-01
5.590551181102e-01 7.613299443524e-01
5.669291338583e-01 7.584309933062e-01
5.748031496063e-01 7.551612694541e-01
5.826771653543e-01 7.515179708999e-01
5.905511811024e-01 7.474980741856e-01
5.984251968504e-01 7.430983615682e-01
6.062992125984e-01 7.383154504937e-01
6.141732283465e-01 7.331458251242e-01
6.220472440945e-01 7.275858697556e-01
6.299212598425e-01 7.216319039595e-01
6.377952755906e-01 7.152802192655e-01
6.456692913386e-01 7.085271171964e-01
6.535433070866e-01 7.013689484558e-01
6.614173228346e-01 6.938021530598e-01
6.692913385827e-01 6.858233011989e-01
6.771653543307e-01 6.774291346075e-01
6.850393700787e-01 6.686166082132e-01
6.929133858268e-01 6.593829318356e-01
7.007874015748e-01 6.497256116965e-01
7.086614173228e-01 6.396424915064e-01
7.165354330709e-01 6.291317928857e-01
7.244094488189e-01 6.181921548848e-01
7.322834645669e-01 6.068226723620e-01
7.401574803150e-01 5.950229329887e-01
7.480314960630e-01 5.827930526479e-01
7.559055118110e-01 5.701337090036e-01
7.637795275591e-01 5.570461730220e-01
7.716535433071e-01 5.435323382350e-01
7.795275590551e-01 5.295947475471e-01
7.874015748031e-01 5.152366173958e-01
7.952755905512e-01 5.004618590905e-01
8.031496062992e-01 4.852750971666e-01
8.110236220472e-01 4.696816846080e-01
8.188976377953e-01 4.536877148069e-01
8.267716535433e-01 4.373000301463e-01
8.346456692913e-01 4.205262271105e-01
8.425196850394e-01 4.033746578468e-01
8.503937007874e-01 3.858544281219e-01
8.582677165354e-01 3.679753916373e-01
8.661417322835e-01 3.497481406895e-01
8.740157480315e-01 3.311839931817e-01
8.818897637795e-01 3.122949760153e-01
8.897637795276e-01 2.930938049131e-01
8.976377952756e-01 2.735938607461e-01
9.055118110236e-01 2.538091624579e-01
9.133858267717e-01 2.337543367032e-01
9.212598425197e-01 2.134445843352e-01
9.291338582677e-01 1.928956438994e-01
9.370078740157e-01 1.721237523094e-01
9.448818897638e-01 1.511456028965e-01
9.527559055118e-01 1.299783010458e-01
9.606299212598e-01 1.086393176443e-01
9.685039370079e-01 8.714644058182e-02
9.763779527559e-01 6.551772455771e-02
9.842519685039e-01 4.377143945955e-02
9.921259842520e-01 2.192601758649e-02
1.000000000000e+00 0.000000000000e+00
