0.000000000000e+00 0.000000000000e+00
7.874015748031e-03 5.056418120525e-02
1.574803149606e-02 1.008747210145e-01
2.362204724409e-02 1.507422592582e-01
3.149606299213e-02 1.999819529281e-01
3.937007874016e-02 2.484156233994e-01
4.724409448819e-02 2.958737734726e-01
5.511811023622e-02 3.421974364633e-01
6.299212598425e-02 3.872398241261e-01
7.086614173228e-02 4.308677455899e-01
7.874015748031e-02 4.729627755155e-01
8.661417322835e-02 5.134221561615e-01
9.448818897638e-02 5.521594247437e-01
1.023622047244e-01 5.891047641786e-01
1.102362204724e-01 6.242050818115e-01
1.181102362205e-01 6.574238268343e-01
1.259842519685e-01 6.887405626487e-01
1.338582677165e-01 7.181503152535e-01
1.417322834646e-01 7.456627227472e-01
1.496062992126e-01 7.713010141364e-01
1.574803149606e-01 7.951008478008e-01
1.653543307087e-01 8.171090411740e-01
1.732283464567e-01 8.373822234791e-01
1.811023622047e-01 8.559854427760e-01
1.889763779528e-01 8.729907572008e-01
1.968503937008e-01 8.884758382280e-01
2.047244094488e-01 9.025226111601e-01
2.125984251969e-01 9.152159549955e-01
2.204724409449e-01 9.266424804583e-01
2.283464566929e-01 9.368894014334e-01
2.362204724409e-01 9.460435114517e-01
2.440944881890e-01 9.541902733379e-01
2.519685039370e-01 9.614130267517e-01
2.598425196850e-01 9.677923152193e-01
2.677165354331e-01 9.734053314252e-01
2.755905511811e-01 9.783254770626e-01
2.834645669291e-01 9.826220314604e-01
2.913385826772e-01 9.863599215256e-01
2.992125984252e-01 9.895995842588e-01
3.070866141732e-01 9.923969122148e-01
3.149606299213e-01 9.948032717495e-01
3.228346456693e-01 9.968655836968e-01
3.307086614173e-01 9.986264562105e-01
3.385826771654e-01 1.000124359842e+00
3.464566929134e-01 1.001393835459e+00
3.543307086614e-01 1.002465726306e+00
3.622047244094e-01 1.003367426297e+00
3.700787401575e-01 1.004123137518e+00
3.779527559055e-01 1.004754130809e+00
3.858267716535e-01 1.005279004202e+00
3.937007874016e-01 1.005713934870e+00
4.015748031496e-01 1.006072921092e+00
4.094488188976e-01 1.006368011470e+00
4.173228346457e-01 1.006609519362e+00
4.251968503937e-01 1.006806221083e+00
4.330708661417e-01 1.006965536939e+00
4.409448818898e-01 1.007093694616e+00
4.488188976378e-01 1.007195874746e+00
4.566929133858e-01 1.007276338782e+00
4.645669291339e-01 1.007338539468e+00
4.724409448819e-01 1.007385214304e+00
4.803149606299e-01 1.007418462486e+00
4.881889763780e-01 1.007439805781e+00
4.960629921260e-01 1.007450233762e+00
5.039370078740e-01 1.007450233762e+00
5.118110236220e-01 1.007439805781e+00
5.196850393701e-01 1.007418462486e+00
5.275590551181e-01 1.007385214304e+00
5.354330708661e-01 1.007338539468e+00
5.433070866142e-01 1.007276338782e+00
5.511811023622e-01 1.007195874746e+00
5.590551181102e-01 1.007093694616e+00
5.669291338583e-01 1.006965536939e+00
5.748031496063e-01 1.006806221083e+00
5.826771653543e-01 1.006609519362e+00
5.905511811024e-01 1.006368011470e+00
5.984251968504e-01 1.006072921092e+00
6.062992125984e-01 1.005713934870e+00
6.141732283465e-01 1.005279004202e+00
6.220472440945e-01 1.004754130809e+00
6.299212598425e-01 1.004123137518e+00
6.377952755906e-01 1.003367426297e+00
6.456692913386e-01 1.002465726306e+00
6.535433070866e-01 1.001393835459e+00
6.614173228346e-01 1.000124359842e+00
6.692913385827e-01 9.986264562105e-01
6.771653543307e-01 9.968655836968e-01
6.850393700787e-01 9.948032717495e-01
6.929133858268e-01 9.923969122148e-01
7.007874015748e-01 9.895995842588e-01
7.086614173228e-01 9.863599215256e-01
7.165354330709e-01 9.826220314604e-01
7.244094488189e-01 9.783254770626e-01
7.322834645669e-01 9.734053314252e-01
7.401574803150e-01 9.677923152193e-01
7.480314960630e-01 9.614130267517e-01
7.559055118110e-01 9.541902733379e-01
7.637795275591e-01 9.460435114517e-01
7.716535433071e-01 9.368894014334e-01
7.795275590551e-01 9.266424804583e-01
7.874015748031e-01 9.152159549955e-01
7.952755905512e-01 9.025226111601e-01
8.031496062992e-01 8.884758382280e-01
8.110236220472e-01 8.729907572008e-01
8.188976377953e-01 8.559854427760e-01
8.267716535433e-01 8.373822234791e-01
8.346456692913e-01 8.171090411740e-01
8.425196850394e-01 7.951008478008e-01
8.503937007874e-01 7.713010141364e-01
8.582677165354e-01 7.456627227472e-01
8.661417322835e-01 7.181503152535e-01
8.740157480315e-01 6.887405626487e-01
8.818897637795e-01 6.574238268343e-01
8.897637795276e-01 6.242050818115e-01
8.976377952756e-01 5.891047641786e-01
9.055118110236e-01 5.521594247437e-01
9.133858267717e-01 5.134221561615e-01
9.212598425197e-01 4.729627755155e-01
9.291338582677e-01 4.308677455899e-01
9.370078740157e-01 3.872398241261e-01
9.448818897638e-01 3.421974364633e-01
9.527559055118e-01 2.958737734726e-01
9.606299212598e-01 2.484156233994e-01
9.685039370079e-01 1.999819529281e-01
9.763779527559e-01 1.507422592582e-01
9.842519685039e-01 1.008747210145e-01
9.921259842520e-01 5.056418120525e-02
1.000000000000e+00 0.000000000000e+00
