0.000000000000e+00 0.000000000000e+00
7.874015748031e-03 1.353747673225e-02
1.574803149606e-02 2.701757277339e-02
2.362204724409e-02 4.041467818682e-02
3.149606299213e-02 5.372960575890e-02
3.937007874016e-02 6.696247552049e-02
4.724409448819e-02 8.010274828160e-02
5.511811023622e-02 9.314054116112e-02
6.299212598425e-02 1.060729273759e-01
7.086614173228e-02 1.188964465445e-01
7.874015748031e-02 1.316025370274e-01
8.661417322835e-02 1.441832339805e-01
9.448818897638e-02 1.566347284896e-01
1.023622047244e-01 1.689527352862e-01
1.102362204724e-01 1.811296192998e-01
1.181102362205e-01 1.931583434268e-01
1.259842519685e-01 2.050348694591e-01
1.338582677165e-01 2.167547102026e-01
1.417322834646e-01 2.283108985014e-01
1.496062992126e-01 2.396970784239e-01
1.574803149606e-01 2.509092630448e-01
1.653543307087e-01 2.619430325314e-01
1.732283464567e-01 2.727920089665e-01
1.811023622047e-01 2.834504417575e-01
1.889763779528e-01 2.939145544832e-01
1.968503937008e-01 3.041801466961e-01
2.047244094488e-01 3.142414073617e-01
2.125984251969e-01 3.240931690200e-01
2.204724409449e-01 3.337319678737e-01
2.283464566929e-01 3.431539190314e-01
2.362204724409e-01 3.523537738070e-01
2.440944881890e-01 3.613269426180e-01
2.519685039370e-01 3.700703421768e-01
2.598425196850e-01 3.785804656401e-01
2.677165354331e-01 3.868526252614e-01
2.755905511811e-01 3.948828071027e-01
2.834645669291e-01 4.026683525268e-01
2.913385826772e-01 4.102061719004e-01
2.992125984252e-01 4.174921343108e-01
3.070866141732e-01 4.245227968609e-01
3.149606299213e-01 4.312959521641e-01
3.228346456693e-01 4.378089498406e-01
3.307086614173e-01 4.440582072347e-01
3.385826771654e-01 4.500408440274e-01
3.464566929134e-01 4.557551177550e-01
3.543307086614e-01 4.611988268554e-01
3.622047244094e-01 4.663689242032e-01
3.700787401575e-01 4.712630802509e-01
3.779527559055e-01 4.758800221648e-01
3.858267716535e-01 4.802179982386e-01
3.937007874016e-01 4.842744814277e-01
4.015748031496e-01 4.880476793534e-01
4.094488188976e-01 4.915367881392e-01
4.173228346457e-01 4.947405019598e-01
4.251968503937e-01 4.976567975952e-01
4.330708661417e-01 5.002844064117e-01
4.409448818898e-01 5.026229906380e-01
4.488188976378e-01 5.046716843940e-01
4.566929133858e-01 5.064289531825e-01
4.645669291339e-01 5.078940408397e-01
4.724409448819e-01 5.090670733625e-01
4.803149606299e-01 5.099476193932e-01
4.881889763780e-01 5.105346208700e-01
4.960629921260e-01 5.108278266119e-01
5.039370078740e-01 5.108278266119e-01
5.118110236220e-01 5.105346208700e-01
5.196850393701e-01 5.099476193932e-01
5.275590551181e-01 5.090670733625e-01
5.354330708661e-01 5.078940408397e-01
5.433070866142e-01 5.064289531825e-01
5.511811023622e-01 5.046716843940e-01
5.590551181102e-01 5.026229906380e-01
5.669291338583e-01 5.002844064117e-01
5.748031496063e-01 4.976567975952e-01
5.826771653543e-01 4.947405019598e-01
5.905511811024e-01 4.915367881392e-01
5.984251968504e-01 4.880476793534e-01
6.062992125984e-01 4.842744814277e-01
6.141732283465e-01 4.802179982386e-01
6.220472440945e-01 4.758800221648e-01
6.299212598425e-01 4.712630802509e-01
6.377952755906e-01 4.663689242032e-01
6.456692913386e-01 4.611988268554e-01
6.535433070866e-01 4.557551177550e-01
6.614173228346e-01 4.500408440274e-01
6.692913385827e-01 4.440582072347e-01
6.771653543307e-01 4.378089498406e-01
6.850393700787e-01 4.312959521641e-01
6.929133858268e-01 4.245227968609e-01
7.007874015748e-01 4.174921343108e-01
7.086614173228e-01 4.102061719004e-01
7.165354330709e-01 4.026683525268e-01
7.244094488189e-01 3.948828071027e-01
7.322834645669e-01 3.868526252614e-01
7.401574803150e-01 3.785804656401e-01
7.480314960630e-01 3.700703421768e-01
7.559055118110e-01 3.613269426180e-01
7.637795275591e-01 3.523537738070e-01
7.716535433071e-01 3.431539190314e-01
7.795275590551e-01 3.337319678737e-01
7.874015748031e-01 3.240931690200e-01
7.952755905512e-01 3.142414073617e-01
8.031496062992e-01 3.041801466961e-01
8.110236220472e-01 2.939145544832e-01
8.188976377953e-01 2.834504417575e-01
8.267716535433e-01 2.727920089665e-01
8.346456692913e-01 2.619430325314e-01
8.425196850394e-01 2.509092630448e-01
8.503937007874e-01 2.396970784239e-01
8.582677165354e-01 2.283108985014e-01
8.661417322835e-01 2.167547102026e-01
8.740157480315e-01 2.050348694591e-01
8.818897637795e-01 1.931583434268e-01
8.897637795276e-01 1.811296192998e-01
8.976377952756e-01 1.689527352862e-01
9.055118110236e-01 1.566347284896e-01
9.133858267717e-01 1.441832339805e-01
9.212598425197e-01 1.316025370274e-01
9.291338582677e-01 1.188964465445e-01
9.370078740157e-01 1.060729273759e-01
9.448818897638e-01 9.314054116112e-02
9.527559055118e-01 8.010274828160e-02
9.606299212598e-01 6.696247552049e-02
9.685039370079e-01 5.372960575890e-02
9.763779527559e-01 4.041467818682e-02
9.842519685039e-01 2.701757277339e-02
9.921259842520e-01 1.353747673225e-02
1.000000000000e+00 6.730795914736e-17
