0.000000000000e+00 0.000000000000e+00
7.874015748031e-03 2.406802924706e-02
1.574803149606e-02 4.806423468917e-02
2.362204724409e-02 7.194861775128e-02
3.149606299213e-02 9.570771122303e-02
3.937007874016e-02 1.193275173305e-01
4.724409448819e-02 1.427835939020e-01
5.511811023622e-02 1.660524213134e-01
6.299212598425e-02 1.891177521888e-01
7.086614173228e-02 2.119631698326e-01
7.874015748031e-02 2.345675666498e-01
8.661417322835e-02 2.569108859767e-01
9.448818897638e-02 2.789777224531e-01
1.023622047244e-01 3.007527282155e-01
1.102362204724e-01 3.222177749626e-01
1.181102362205e-01 3.433559340912e-01
1.259842519685e-01 3.641539066805e-01
1.338582677165e-01 3.845986012154e-01
1.417322834646e-01 4.046751246430e-01
1.496062992126e-01 4.243698919206e-01
1.574803149606e-01 4.436723984183e-01
1.653543307087e-01 4.625724288276e-01
1.732283464567e-01 4.810585389867e-01
1.811023622047e-01 4.991206444616e-01
1.889763779528e-01 5.167513667555e-01
1.968503937008e-01 5.339436307044e-01
2.047244094488e-01 5.506894698014e-01
2.125984251969e-01 5.669822686178e-01
2.204724409449e-01 5.828178076314e-01
2.283464566929e-01 5.981921198099e-01
2.362204724409e-01 6.131005259935e-01
2.440944881890e-01 6.275396327769e-01
2.519685039370e-01 6.415081517584e-01
2.598425196850e-01 6.550049390093e-01
2.677165354331e-01 6.680282045102e-01
2.755905511811e-01 6.805773313233e-01
2.834645669291e-01 6.926535194450e-01
2.913385826772e-01 7.042579600006e-01
2.992125984252e-01 7.153911838236e-01
3.070866141732e-01 7.260547482290e-01
3.149606299213e-01 7.362517408504e-01
3.228346456693e-01 7.459850565957e-01
3.307086614173e-01 7.552568631930e-01
3.385826771654e-01 7.640701902546e-01
3.464566929134e-01 7.724293191232e-01
3.543307086614e-01 7.803381403687e-01
3.622047244094e-01 7.877997221447e-01
3.700787401575e-01 7.948178287611e-01
3.779527559055e-01 8.013972160976e-01
3.858267716535e-01 8.075420533664e-01
3.937007874016e-01 8.132555852885e-01
4.015748031496e-01 8.185416022427e-01
4.094488188976e-01 8.234046559509e-01
4.173228346457e-01 8.278485327688e-01
4.251968503937e-01 8.318760040578e-01
4.330708661417e-01 8.354902662230e-01
4.409448818898e-01 8.386950874441e-01
4.488188976378e-01 8.414933216987e-01
4.566929133858e-01 8.438867439163e-01
4.645669291339e-01 8.458774753776e-01
4.724409448819e-01 8.474680688771e-01
4.803149606299e-01 8.486600535183e-01
4.881889763780e-01 8.494538527233e-01
4.960629921260e-01 8.498502082863e-01
5.039370078740e-01 8.498502082863e-01
5.118110236220e-01 8.494538527233e-01
5.196850393701e-01 8.486600535183e-01
5.275590551181e-01 8.474680688771e-01
5.354330708661e-01 8.458774753776e-01
5.433070866142e-01 8.438867439163e-01
5.511811023622e-01 8.414933216987e-01
5.590551181102e-01 8.386950874441e-01
5.669291338583e-01 8.354902662230e-01
5.748031496063e-01 8.318760040578e-01
5.826771653543e-01 8.278485327688e-01
5.905511811024e-01 8.234046559509e-01
5.984251968504e-01 8.185416022427e-01
6.062992125984e-01 8.132555852885e-01
6.141732283465e-01 8.075420533664e-01
6.220472440945e-01 8.013972160976e-01
6.299212598425e-01 7.948178287611e-01
6.377952755906e-01 7.877997221447e-01
6.456692913386e-01 7.803381403687e-01
6.535433070866e-01 7.724293191232e-01
6.614173228346e-01 7.640701902546e-01
6.692913385827e-01 7.552568631930e-01
6.771653543307e-01 7.459850565957e-01
6.850393700787e-01 7.362517408504e-01
6.929133858268e-01 7.260547482290e-01
7.007874015748e-01 7.153911838236e-01
7.086614173228e-01 7.042579600006e-01
7.165354330709e-01 6.926535194450e-01
7.244094488189e-01 6.805773313233e-01
7.322834645669e-01 6.680282045102e-01
7.401574803150e-01 6.550049390093e-01
7.480314960630e-01 6.415081517584e-01
7.559055118110e-01 6.275396327769e-01
7.637795275591e-01 6.131005259935e-01
7.716535433071e-01 5.981921198099e-01
7.795275590551e-01 5.828178076314e-01
7.874015748031e-01 5.669822686178e-01
7.952755905512e-01 5.506894698014e-01
8.031496062992e-01 5.339436307044e-01
8.110236220472e-01 5.167513667555e-01
8.188976377953e-01 4.991206444616e-01
8.267716535433e-01 4.810585389867e-01
8.346456692913e-01 4.625724288276e-01
8.425196850394e-01 4.436723984183e-01
8.503937007874e-01 4.243698919206e-01
8.582677165354e-01 4.046751246430e-01
8.661417322835e-01 3.845986012154e-01
8.740157480315e-01 3.641539066805e-01
8.818897637795e-01 3.433559340912e-01
8.897637795276e-01 3.222177749626e-01
8.976377952756e-01 3.007527282155e-01
9.055118110236e-01 2.789777224531e-01
9.133858267717e-01 2.569108859767e-01
9.212598425197e-01 2.345675666498e-01
9.291338582677e-01 2.119631698326e-01
9.370078740157e-01 1.891177521888e-01
9.448818897638e-01 1.660524213134e-01
9.527559055118e-01 1.427835939020e-01
9.606299212598e-01 1.193275173305e-01
9.685039370079e-01 9.570771122303e-02
9.763779527559e-01 7.194861775128e-02
9.842519685039e-01 4.806423468917e-02
9.921259842520e-01 2.406802924706e-02
1.000000000000e+00 1.194532624061e-16
