0.000000000000e+00 0.000000000000e+00
7.874015748031e-03 8.431584408978e-03
1.574803149606e-02 1.680926305406e-02
2.362204724409e-02 2.511089686859e-02
3.149606299213e-02 3.334076140744e-02
3.937007874016e-02 4.150242735060e-02
4.724409448819e-02 4.958879005890e-02
5.511811023622e-02 5.759338117671e-02
6.299212598425e-02 6.551666455818e-02
7.086614173228e-02 7.335854278462e-02
7.874015748031e-02 8.111378580648e-02
8.661417322835e-02 8.877772539785e-02
9.448818897638e-02 9.634981080281e-02
1.023622047244e-01 1.038289730827e-01
1.102362204724e-01 1.112107484305e-01
1.181102362205e-01 1.184912228412e-01
1.259842519685e-01 1.256694300886e-01
1.338582677165e-01 1.327439010466e-01
1.417322834646e-01 1.397106300796e-01
1.496062992126e-01 1.465661637601e-01
1.574803149606e-01 1.533093563564e-01
1.653543307087e-01 1.599385658012e-01
1.732283464567e-01 1.664501265768e-01
1.811023622047e-01 1.728409333701e-01
1.889763779528e-01 1.791097863486e-01
1.968503937008e-01 1.852549915778e-01
2.047244094488e-01 1.912731732613e-01
2.125984251969e-01 1.971615268840e-01
2.204724409449e-01 2.029188784676e-01
2.283464566929e-01 2.085435591571e-01
2.362204724409e-01 2.140324620398e-01
2.440944881890e-01 2.193830647343e-01
2.519685039370e-01 2.245942764369e-01
2.598425196850e-01 2.296645080865e-01
2.677165354331e-01 2.345909151837e-01
2.755905511811e-01 2.393712528153e-01
2.834645669291e-01 2.440045575959e-01
2.913385826772e-01 2.484893619481e-01
2.992125984252e-01 2.528230845152e-01
3.070866141732e-01 2.570037602621e-01
3.149606299213e-01 2.610305888746e-01
3.228346456693e-01 2.649022572481e-01
3.307086614173e-01 2.686164512763e-01
3.385826771654e-01 2.721714916006e-01
3.464566929134e-01 2.755667703219e-01
3.543307086614e-01 2.788011552831e-01
3.622047244094e-01 2.818726048746e-01
3.700787401575e-01 2.847797324654e-01
3.779527559055e-01 2.875221468411e-01
3.858267716535e-01 2.900989179165e-01
3.937007874016e-01 2.925082815579e-01
4.015748031496e-01 2.947491508531e-01
4.094488188976e-01 2.968213711800e-01
4.173228346457e-01 2.987242309446e-01
4.251968503937e-01 3.004562472731e-01
4.330708661417e-01 3.020166390685e-01
4.409448818898e-01 3.034055042933e-01
4.488188976378e-01 3.046223619275e-01
4.566929133858e-01 3.056660123044e-01
4.645669291339e-01 3.065359848148e-01
4.724409448819e-01 3.072326423909e-01
4.803149606299e-01 3.077557425462e-01
4.881889763780e-01 3.081043684747e-01
4.960629921260e-01 3.082783629759e-01
5.039370078740e-01 3.082783629759e-01
5.118110236220e-01 3.081043684747e-01
5.196850393701e-01 3.077557425462e-01
5.275590551181e-01 3.072326423909e-01
5.354330708661e-01 3.065359848148e-01
5.433070866142e-01 3.056660123044e-01
5.511811023622e-01 3.046223619275e-01
5.590551181102e-01 3.034055042933e-01
5.669291338583e-01 3.020166390685e-01
5.748031496063e-01 3.004562472731e-01
5.826771653543e-01 2.987242309446e-01
5.905511811024e-01 2.968213711800e-01
5.984251968504e-01 2.947491508531e-01
6.062992125984e-01 2.925082815579e-01
6.141732283465e-01 2.900989179165e-01
6.220472440945e-01 2.875221468411e-01
6.299212598425e-01 2.847797324654e-01
6.377952755906e-01 2.818726048746e-01
6.456692913386e-01 2.788011552831e-01
6.535433070866e-01 2.755667703219e-01
6.614173228346e-01 2.721714916006e-01
6.692913385827e-01 2.686164512763e-01
6.771653543307e-01 2.649022572481e-01
6.850393700787e-01 2.610305888746e-01
6.929133858268e-01 2.570037602621e-01
7.007874015748e-01 2.528230845152e-01
7.086614173228e-01 2.484893619481e-01
7.165354330709e-01 2.440045575959e-01
7.244094488189e-01 2.393712528153e-01
7.322834645669e-01 2.345909151837e-01
7.401574803150e-01 2.296645080865e-01
7.480314960630e-01 2.245942764369e-01
7.559055118110e-01 2.193830647343e-01
7.637795275591e-01 2.140324620398e-01
7.716535433071e-01 2.085435591571e-01
7.795275590551e-01 2.029188784676e-01
7.874015748031e-01 1.971615268840e-01
7.952755905512e-01 1.912731732613e-01
8.031496062992e-01 1.852549915778e-01
8.110236220472e-01 1.791097863486e-01
8.188976377953e-01 1.728409333701e-01
8.267716535433e-01 1.664501265768e-01
8.346456692913e-01 1.599385658012e-01
8.425196850394e-01 1.533093563564e-01
8.503937007874e-01 1.465661637601e-01
8.582677165354e-01 1.397106300796e-01
8.661417322835e-01 1.327439010466e-01
8.740157480315e-01 1.256694300886e-01
8.818897637795e-01 1.184912228412e-01
8.897637795276e-01 1.112107484305e-01
8.976377952756e-01 1.038289730827e-01
9.055118110236e-01 9.634981080281e-02
9.133858267717e-01 8.877772539785e-02
9.212598425197e-01 8.111378580648e-02
9.291338582677e-01 7.335854278462e-02
9.370078740157e-01 6.551666455818e-02
9.448818897638e-01 5.759338117671e-02
9.527559055118e-01 4.958879005890e-02
9.606299212598e-01 4.150242735060e-02
9.685039370079e-01 3.334076140744e-02
9.763779527559e-01 2.511089686859e-02
9.842519685039e-01 1.680926305406e-02
9.921259842520e-01 8.431584408978e-03
1.000000000000e+00 4.202746131386e-17
