0.000000000000e+00 0.000000000000e+00
7.874015748031e-03 2.588424333512e-03
1.574803149606e-02 5.154903188022e-03
2.362204724409e-02 7.680052643427e-03
3.149606299213e-02 1.014909036307e-02
3.937007874016e-02 1.255295893423e-02
4.724409448819e-02 1.488835683307e-02
5.511811023622e-02 1.715675645385e-02
6.299212598425e-02 1.936271376152e-02
7.086614173228e-02 2.151191316057e-02
7.874015748031e-02 2.360941257841e-02
8.661417322835e-02 2.565845834372e-02
9.448818897638e-02 2.766005899388e-02
1.023622047244e-01 2.961329455068e-02
1.102362204724e-01 3.151615159095e-02
1.181102362205e-01 3.336656238657e-02
1.259842519685e-01 3.516331282562e-02
1.338582677165e-01 3.690656414507e-02
1.417322834646e-01 3.859787714402e-02
1.496062992126e-01 4.023978824812e-02
1.574803149606e-01 4.183511683734e-02
1.653543307087e-01 4.338624733284e-02
1.732283464567e-01 4.489461428499e-02
1.811023622047e-01 4.636053518774e-02
1.889763779528e-01 4.778341463299e-02
1.968503937008e-01 4.916222456354e-02
2.047244094488e-01 5.049608522192e-02
2.125984251969e-01 5.178475208927e-02
2.204724409449e-01 5.302885762048e-02
2.283464566929e-01 5.422984523327e-02
2.362204724409e-01 5.538963606417e-02
2.440944881890e-01 5.651015295740e-02
2.519685039370e-01 5.759286535660e-02
2.598425196850e-01 5.863850310356e-02
2.677165354331e-01 5.964702445677e-02
2.755905511811e-01 6.061783640200e-02
2.834645669291e-01 6.155018283419e-02
2.913385826772e-01 6.244356491540e-02
2.992125984252e-01 6.329805314406e-02
3.070866141732e-01 6.411439204772e-02
3.149606299213e-01 6.489387064845e-02
3.228346456693e-01 6.563801021103e-02
3.307086614173e-01 6.634817942178e-02
3.385826771654e-01 6.702526751405e-02
3.464566929134e-01 6.766952250587e-02
3.543307086614e-01 6.828060366208e-02
3.622047244094e-01 6.885782466396e-02
3.700787401575e-01 6.940050111387e-02
3.779527559055e-01 6.990828342055e-02
3.858267716535e-01 7.038136382907e-02
3.937007874016e-01 7.082049088729e-02
4.015748031496e-01 7.122679041770e-02
4.094488188976e-01 7.160145682998e-02
4.173228346457e-01 7.194542087323e-02
4.251968503937e-01 7.225910603400e-02
4.330708661417e-01 7.254235430104e-02
4.409448818898e-01 7.279454399844e-02
4.488188976378e-01 7.301485755286e-02
4.566929133858e-01 7.320260713040e-02
4.645669291339e-01 7.335750756296e-02
4.724409448819e-01 7.347980475183e-02
4.803149606299e-01 7.357021717441e-02
4.881889763780e-01 7.362971143902e-02
4.960629921260e-01 7.365918872658e-02
5.039370078740e-01 7.365918872658e-02
5.118110236220e-01 7.362971143902e-02
5.196850393701e-01 7.357021717441e-02
5.275590551181e-01 7.347980475183e-02
5.354330708661e-01 7.335750756296e-02
5.433070866142e-01 7.320260713040e-02
5.511811023622e-01 7.301485755286e-02
5.590551181102e-01 7.279454399844e-02
5.669291338583e-01 7.254235430104e-02
5.748031496063e-01 7.225910603400e-02
5.826771653543e-01 7.194542087323e-02
5.905511811024e-01 7.160145682998e-02
5.984251968504e-01 7.122679041770e-02
6.062992125984e-01 7.082049088729e-02
6.141732283465e-01 7.038136382907e-02
6.220472440945e-01 6.990828342055e-02
6.299212598425e-01 6.940050111387e-02
6.377952755906e-01 6.885782466396e-02
6.456692913386e-01 6.828060366208e-02
6.535433070866e-01 6.766952250587e-02
6.614173228346e-01 6.702526751405e-02
6.692913385827e-01 6.634817942178e-02
6.771653543307e-01 6.563801021103e-02
6.850393700787e-01 6.489387064845e-02
6.929133858268e-01 6.411439204772e-02
7.007874015748e-01 6.329805314406e-02
7.086614173228e-01 6.244356491540e-02
7.165354330709e-01 6.155018283419e-02
7.244094488189e-01 6.061783640200e-02
7.322834645669e-01 5.964702445677e-02
7.401574803150e-01 5.863850310356e-02
7.480314960630e-01 5.759286535660e-02
7.559055118110e-01 5.651015295740e-02
7.637795275591e-01 5.538963606417e-02
7.716535433071e-01 5.422984523327e-02
7.795275590551e-01 5.302885762048e-02
7.874015748031e-01 5.178475208927e-02
7.952755905512e-01 5.049608522192e-02
8.031496062992e-01 4.916222456354e-02
8.110236220472e-01 4.778341463299e-02
8.188976377953e-01 4.636053518774e-02
8.267716535433e-01 4.489461428499e-02
8.346456692913e-01 4.338624733284e-02
8.425196850394e-01 4.183511683734e-02
8.503937007874e-01 4.023978824812e-02
8.582677165354e-01 3.859787714402e-02
8.661417322835e-01 3.690656414507e-02
8.740157480315e-01 3.516331282562e-02
8.818897637795e-01 3.336656238657e-02
8.897637795276e-01 3.151615159095e-02
8.976377952756e-01 2.961329455068e-02
9.055118110236e-01 2.766005899388e-02
9.133858267717e-01 2.565845834372e-02
9.212598425197e-01 2.360941257841e-02
9.291338582677e-01 2.151191316057e-02
9.370078740157e-01 1.936271376152e-02
9.448818897638e-01 1.715675645385e-02
9.527559055118e-01 1.488835683307e-02
9.606299212598e-01 1.255295893423e-02
9.685039370079e-01 1.014909036307e-02
9.763779527559e-01 7.680052643427e-03
9.842519685039e-01 5.154903188022e-03
9.921259842520e-01 2.588424333512e-03
1.000000000000e+00 1.306624889744e-17
