0.000000000000e+00 0.000000000000e+00
7.874015748031e-03 8.438850561136e-03
1.574803149606e-02 1.681294388015e-02
2.362204724409e-02 2.511952441925e-02
3.149606299213e-02 3.335583980122e-02
3.937007874016e-02 4.151914238942e-02
4.724409448819e-02 4.960669086743e-02
5.511811023622e-02 5.761575181821e-02
6.299212598425e-02 6.554360130250e-02
7.086614173228e-02 7.338752643625e-02
7.874015748031e-02 8.114482696685e-02
8.661417322835e-02 8.881281684765e-02
9.448818897638e-02 9.638882581044e-02
1.023622047244e-01 1.038702009355e-01
1.102362204724e-01 1.112543082183e-01
1.181102362205e-01 1.185385341326e-01
1.259842519685e-01 1.257202871895e-01
1.338582677165e-01 1.327969994901e-01
1.417322834646e-01 1.397661282731e-01
1.496062992126e-01 1.466251574551e-01
1.574803149606e-01 1.533715991624e-01
1.653543307087e-01 1.600029952542e-01
1.732283464567e-01 1.665169188349e-01
1.811023622047e-01 1.729109757557e-01
1.889763779528e-01 1.791828061030e-01
1.968503937008e-01 1.853300856726e-01
2.047244094488e-01 1.913505274295e-01
2.125984251969e-01 1.972418829500e-01
2.204724409449e-01 2.030019438468e-01
2.283464566929e-01 2.086285431743e-01
2.362204724409e-01 2.141195568127e-01
2.440944881890e-01 2.194729048314e-01
2.519685039370e-01 2.246865528271e-01
2.598425196850e-01 2.297585132391e-01
2.677165354331e-01 2.346868466365e-01
2.755905511811e-01 2.394696629795e-01
2.834645669291e-01 2.441051228514e-01
2.913385826772e-01 2.485914386600e-01
2.992125984252e-01 2.529268758092e-01
3.070866141732e-01 2.571097538370e-01
3.149606299213e-01 2.611384475207e-01
3.228346456693e-01 2.650113879473e-01
3.307086614173e-01 2.687270635490e-01
3.385826771654e-01 2.722840211009e-01
3.464566929134e-01 2.756808666826e-01
3.543307086614e-01 2.789162666007e-01
3.622047244094e-01 2.819889482722e-01
3.700787401575e-01 2.848977010687e-01
3.779527559055e-01 2.876413771190e-01
3.858267716535e-01 2.902188920710e-01
3.937007874016e-01 2.926292258118e-01
4.015748031496e-01 2.948714231450e-01
4.094488188976e-01 2.969445944250e-01
4.173228346457e-01 2.988479161483e-01
4.251968503937e-01 3.005806315004e-01
4.330708661417e-01 3.021420508587e-01
4.409448818898e-01 3.035315522506e-01
4.488188976378e-01 3.047485817665e-01
4.566929133858e-01 3.057926539283e-01
4.645669291339e-01 3.066633520113e-01
4.724409448819e-01 3.073603283213e-01
4.803149606299e-01 3.078833044255e-01
4.881889763780e-01 3.082320713373e-01
4.960629921260e-01 3.084064896551e-01
5.039370078740e-01 3.084064896551e-01
5.118110236220e-01 3.082320713373e-01
5.196850393701e-01 3.078833044255e-01
5.275590551181e-01 3.073603283213e-01
5.354330708661e-01 3.066633520113e-01
5.433070866142e-01 3.057926539283e-01
5.511811023622e-01 3.047485817665e-01
5.590551181102e-01 3.035315522506e-01
5.669291338583e-01 3.021420508587e-01
5.748031496063e-01 3.005806315004e-01
5.826771653543e-01 2.988479161483e-01
5.905511811024e-01 2.969445944250e-01
5.984251968504e-01 2.948714231450e-01
6.062992125984e-01 2.926292258118e-01
6.141732283465e-01 2.902188920710e-01
6.220472440945e-01 2.876413771190e-01
6.299212598425e-01 2.848977010687e-01
6.377952755906e-01 2.819889482722e-01
6.456692913386e-01 2.789162666007e-01
6.535433070866e-01 2.756808666826e-01
6.614173228346e-01 2.722840211009e-01
6.692913385827e-01 2.687270635490e-01
6.771653543307e-01 2.650113879473e-01
6.850393700787e-01 2.611384475207e-01
6.929133858268e-01 2.571097538370e-01
7.007874015748e-01 2.529268758092e-01
7.086614173228e-01 2.485914386600e-01
7.165354330709e-01 2.441051228514e-01
7.244094488189e-01 2.394696629795e-01
7.322834645669e-01 2.346868466365e-01
7.401574803150e-01 2.297585132391e-01
7.480314960630e-01 2.246865528271e-01
7.559055118110e-01 2.194729048314e-01
7.637795275591e-01 2.141195568127e-01
7.716535433071e-01 2.086285431743e-01
7.795275590551e-01 2.030019438468e-01
7.874015748031e-01 1.972418829500e-01
7.952755905512e-01 1.913505274295e-01
8.031496062992e-01 1.853300856726e-01
8.110236220472e-01 1.791828061030e-01
8.188976377953e-01 1.729109757557e-01
8.267716535433e-01 1.665169188349e-01
8.346456692913e-01 1.600029952542e-01
8.425196850394e-01 1.533715991624e-01
8.503937007874e-01 1.466251574551e-01
8.582677165354e-01 1.397661282731e-01
8.661417322835e-01 1.327969994901e-01
8.740157480315e-01 1.257202871895e-01
8.818897637795e-01 1.185385341327e-01
8.897637795276e-01 1.112543082183e-01
8.976377952756e-01 1.038702009355e-01
9.055118110236e-01 9.638882581044e-02
9.133858267717e-01 8.881281684765e-02
9.212598425197e-01 8.114482696685e-02
9.291338582677e-01 7.338752643625e-02
9.370078740157e-01 6.554360130250e-02
9.448818897638e-01 5.761575181821e-02
9.527559055118e-01 4.960669086743e-02
9.606299212598e-01 4.151914238942e-02
9.685039370079e-01 3.335583980122e-02
9.763779527559e-01 2.511952441925e-02
9.842519685039e-01 1.681294388015e-02
9.921259842520e-01 8.438850561136e-03
1.000000000000e+00 0.000000000000e+00
