0.000000000000e+00 0.000000000000e+00
7.874015748031e-03 1.354572062108e-02
1.574803149606e-02 2.702320447282e-02
2.362204724409e-02 4.042622057238e-02
3.149606299213e-02 5.374854924854e-02
3.937007874016e-02 6.698398776415e-02
4.724409448819e-02 8.012635589877e-02
5.511811023622e-02 9.316950147834e-02
6.299212598425e-02 1.061073058393e-01
7.086614173228e-02 1.189336892146e-01
7.874015748031e-02 1.316426160288e-01
8.661417322835e-02 1.442281000923e-01
9.448818897638e-02 1.566842096807e-01
1.023622047244e-01 1.690050724907e-01
1.102362204724e-01 1.811848804615e-01
1.181102362205e-01 1.932178944515e-01
1.259842519685e-01 2.050984487621e-01
1.338582677165e-01 2.168209554991e-01
1.417322834646e-01 2.283799087656e-01
1.496062992126e-01 2.397698886777e-01
1.574803149606e-01 2.509855651980e-01
1.653543307087e-01 2.620217017814e-01
1.732283464567e-01 2.728731588280e-01
1.811023622047e-01 2.835348969403e-01
1.889763779528e-01 2.940019799811e-01
1.968503937008e-01 3.042695779307e-01
2.047244094488e-01 3.143329695421e-01
2.125984251969e-01 3.241875447939e-01
2.204724409449e-01 3.338288071416e-01
2.283464566929e-01 3.432523755694e-01
2.362204724409e-01 3.524539864435e-01
2.440944881890e-01 3.614294951719e-01
2.519685039370e-01 3.701748776735e-01
2.598425196850e-01 3.786862316616e-01
2.677165354331e-01 3.869597777472e-01
2.755905511811e-01 3.949918603694e-01
2.834645669291e-01 4.027789485584e-01
2.913385826772e-01 4.103176365392e-01
2.992125984252e-01 4.176046441847e-01
3.070866141732e-01 4.246368173267e-01
3.149606299213e-01 4.314111279327e-01
3.228346456693e-01 4.379246741603e-01
3.307086614173e-01 4.441746802969e-01
3.385826771654e-01 4.501584965966e-01
3.464566929134e-01 4.558735990238e-01
3.543307086614e-01 4.613175889140e-01
3.622047244094e-01 4.664881925640e-01
3.700787401575e-01 4.713832607593e-01
3.779527559055e-01 4.760007682531e-01
3.858267716535e-01 4.803388132041e-01
3.937007874016e-01 4.843956165859e-01
4.015748031496e-01 4.881695215768e-01
4.094488188976e-01 4.916589929408e-01
4.173228346457e-01 4.948626164084e-01
4.251968503937e-01 4.977790980677e-01
4.330708661417e-01 5.004072637728e-01
4.409448818898e-01 5.027460585789e-01
4.488188976378e-01 5.047945462114e-01
4.566929133858e-01 5.065519085753e-01
4.645669291339e-01 5.080174453123e-01
4.724409448819e-01 5.091905734101e-01
4.803149606299e-01 5.100708268695e-01
4.881889763780e-01 5.106578564328e-01
4.960629921260e-01 5.109514293775e-01
5.039370078740e-01 5.109514293775e-01
5.118110236220e-01 5.106578564328e-01
5.196850393701e-01 5.100708268695e-01
5.275590551181e-01 5.091905734101e-01
5.354330708661e-01 5.080174453123e-01
5.433070866142e-01 5.065519085753e-01
5.511811023622e-01 5.047945462114e-01
5.590551181102e-01 5.027460585789e-01
5.669291338583e-01 5.004072637728e-01
5.748031496063e-01 4.977790980677e-01
5.826771653543e-01 4.948626164084e-01
5.905511811024e-01 4.916589929408e-01
5.984251968504e-01 4.881695215768e-01
6.062992125984e-01 4.843956165859e-01
6.141732283465e-01 4.803388132041e-01
6.220472440945e-01 4.760007682531e-01
6.299212598425e-01 4.713832607593e-01
6.377952755906e-01 4.664881925640e-01
6.456692913386e-01 4.613175889140e-01
6.535433070866e-01 4.558735990238e-01
6.614173228346e-01 4.501584965966e-01
6.692913385827e-01 4.441746802969e-01
6.771653543307e-01 4.379246741603e-01
6.850393700787e-01 4.314111279327e-01
6.929133858268e-01 4.246368173267e-01
7.007874015748e-01 4.176046441847e-01
7.086614173228e-01 4.103176365392e-01
7.165354330709e-01 4.027789485584e-01
7.244094488189e-01 3.949918603694e-01
7.322834645669e-01 3.869597777472e-01
7.401574803150e-01 3.786862316616e-01
7.480314960630e-01 3.701748776735e-01
7.559055118110e-01 3.614294951719e-01
7.637795275591e-01 3.524539864435e-01
7.716535433071e-01 3.432523755694e-01
7.795275590551e-01 3.338288071416e-01
7.874015748031e-01 3.241875447939e-01
7.952755905512e-01 3.143329695421e-01
8.031496062992e-01 3.042695779307e-01
8.110236220472e-01 2.940019799811e-01
8.188976377953e-01 2.835348969403e-01
8.267716535433e-01 2.728731588280e-01
8.346456692913e-01 2.620217017814e-01
8.425196850394e-01 2.509855651980e-01
8.503937007874e-01 2.397698886777e-01
8.582677165354e-01 2.283799087656e-01
8.661417322835e-01 2.168209554991e-01
8.740157480315e-01 2.050984487621e-01
8.818897637795e-01 1.932178944515e-01
8.897637795276e-01 1.811848804615e-01
8.976377952756e-01 1.690050724907e-01
9.055118110236e-01 1.566842096807e-01
9.133858267717e-01 1.442281000923e-01
9.212598425197e-01 1.316426160288e-01
9.291338582677e-01 1.189336892146e-01
9.370078740157e-01 1.061073058393e-01
9.448818897638e-01 9.316950147834e-02
9.527559055118e-01 8.012635589877e-02
9.606299212598e-01 6.698398776415e-02
9.685039370079e-01 5.374854924854e-02
9.763779527559e-01 4.042622057238e-02
9.842519685039e-01 2.702320447282e-02
9.921259842520e-01 1.354572062108e-02
1.000000000000e+00 0.000000000000e+00
