0.000000000000e+00 0.000000000000e+00
1.587301587302e-02 4.323683780665e-02
3.174603174603e-02 8.620822606757e-02
4.761904761905e-02 1.286736572391e-01
6.349206349206e-02 1.704342220436e-01
7.936507936508e-02 2.113361832884e-01
9.523809523810e-02 2.512620459062e-01
1.111111111111e-01 2.901145303551e-01
1.269841269841e-01 3.278010351940e-01
1.428571428571e-01 3.642249084584e-01
1.587301587302e-01 3.992859697733e-01
1.746031746032e-01 4.328882234008e-01
1.904761904762e-01 4.649497074283e-01
2.063492063492e-01 4.954091805906e-01
2.222222222222e-01 5.242266739570e-01
2.380952380952e-01 5.513784154589e-01
2.539682539683e-01 5.768494169755e-01
2.698412698413e-01 6.006277642568e-01
2.857142857143e-01 6.227031926938e-01
3.015873015873e-01 6.430698469086e-01
3.174603174603e-01 6.617307505590e-01
3.333333333333e-01 6.787007076472e-01
3.492063492063e-01 6.940054380737e-01
3.650793650794e-01 7.076769942523e-01
3.809523809524e-01 7.197475982589e-01
3.968253968254e-01 7.302448242862e-01
4.126984126984e-01 7.391901568835e-01
4.285714285714e-01 7.466009620880e-01
4.444444444444e-01 7.524939875468e-01
4.603174603175e-01 7.568877463162e-01
4.761904761905e-01 7.598019340352e-01
4.920634920635e-01 7.612538833193e-01
5.079365079365e-01 7.612538833193e-01
5.238095238095e-01 7.598019340352e-01
5.396825396825e-01 7.568877463162e-01
5.555555555556e-01 7.524939875468e-01
5.714285714286e-01 7.466009620880e-01
5.873015873016e-01 7.391901568835e-01
6.031746031746e-01 7.302448242862e-01
6.190476190476e-01 7.197475982589e-01
6.349206349206e-01 7.076769942523e-01
6.507936507937e-01 6.940054380737e-01
6.666666666667e-01 6.787007076472e-01
6.825396825397e-01 6.617307505590e-01
6.984126984127e-01 6.430698469086e-01
7.142857142857e-01 6.227031926938e-01
7.301587301587e-01 6.006277642568e-01
7.460317460317e-01 5.768494169755e-01
7.619047619048e-01 5.513784154589e-01
7.777777777778e-01 5.242266739570e-01
7.936507936508e-01 4.954091805906e-01
8.095238095238e-01 4.649497074283e-01
8.253968253968e-01 4.328882234008e-01
8.412698412698e-01 3.992859697733e-01
8.571428571429e-01 3.642249084584e-01
8.730158730159e-01 3.278010351940e-01
8.888888888889e-01 2.901145303551e-01
9.047619047619e-01 2.512620459062e-01
9.206349206349e-01 2.113361832884e-01
9.365079365079e-01 1.704342220436e-01
9.523809523810e-01 1.286736572391e-01
9.682539682540e-01 8.620822606757e-02
9.841269841270e-01 4.323683780665e-02
1.000000000000e+00 1.065589833399e-16
