0.000000000000e+00 0.000000000000e+00
1.587301587302e-02 4.241749889574e-03
3.174603174603e-02 8.372936793865e-03
4.761904761905e-02 1.230621987506e-02
6.349206349206e-02 1.599245345714e-02
7.936507936508e-02 1.942264983440e-02
9.523809523810e-02 2.261754427179e-02
1.111111111111e-01 2.561020027908e-02
1.269841269841e-01 2.842926835738e-02
1.428571428571e-01 3.108924098177e-02
1.587301587302e-01 3.359016412299e-02
1.746031746032e-01 3.592475870193e-02
1.904761904762e-01 3.808790497796e-02
2.063492063492e-01 4.008319367758e-02
2.222222222222e-01 4.192356800231e-02
2.380952380952e-01 4.362655621685e-02
2.539682539683e-01 4.520737142380e-02
2.698412698413e-01 4.667390132686e-02
2.857142857143e-01 4.802614970344e-02
3.015873015873e-01 4.926000308583e-02
3.174603174603e-01 5.037282206503e-02
3.333333333333e-01 5.136754971900e-02
3.492063492063e-01 5.225311001485e-02
3.650793650794e-01 5.304111269452e-02
3.809523809524e-01 5.374097405697e-02
3.968253968254e-01 5.435634920301e-02
4.126984126984e-01 5.488487843327e-02
4.285714285714e-01 5.532125903374e-02
4.444444444444e-01 5.566173502210e-02
4.603174603175e-01 5.590733873839e-02
4.761904761905e-01 5.606401619777e-02
4.920634920635e-01 5.613962555005e-02
5.079365079365e-01 5.613962555005e-02
5.238095238095e-01 5.606401619777e-02
5.396825396825e-01 5.590733873839e-02
5.555555555556e-01 5.566173502210e-02
5.714285714286e-01 5.532125903374e-02
5.873015873016e-01 5.488487843327e-02
6.031746031746e-01 5.435634920301e-02
6.190476190476e-01 5.374097405697e-02
6.349206349206e-01 5.304111269452e-02
6.507936507937e-01 5.225311001485e-02
6.666666666667e-01 5.136754971900e-02
6.825396825397e-01 5.037282206503e-02
6.984126984127e-01 4.926000308583e-02
7.142857142857e-01 4.802614970344e-02
7.301587301587e-01 4.667390132686e-02
7.460317460317e-01 4.520737142380e-02
7.619047619048e-01 4.362655621685e-02
7.777777777778e-01 4.192356800231e-02
7.936507936508e-01 4.008319367759e-02
8.095238095238e-01 3.808790497796e-02
8.253968253968e-01 3.592475870193e-02
8.412698412698e-01 3.359016412299e-02
8.571428571429e-01 3.108924098177e-02
8.730158730159e-01 2.842926835738e-02
8.888888888889e-01 2.561020027908e-02
9.047619047619e-01 2.261754427179e-02
9.206349206349e-01 1.942264983440e-02
9.365079365079e-01 1.599245345714e-02
9.523809523810e-01 1.230621987506e-02
9.682539682540e-01 8.372936793865e-03
9.841269841270e-01 4.241749889574e-03
1.000000000000e+00 1.072942699434e-17
