0.000000000000e+00 0.000000000000e+00
1.587301587302e-02 9.884859429065e-03
3.174603174603e-02 1.964507168044e-02
4.761904761905e-02 2.917924795761e-02
6.349206349206e-02 3.842426697596e-02
7.936507936508e-02 4.735727365397e-02
9.523809523810e-02 5.598527964806e-02
1.111111111111e-01 6.432780370079e-02
1.269841269841e-01 7.240016489276e-02
1.428571428571e-01 8.020377145736e-02
1.587301587302e-01 8.772586536201e-02
1.746031746032e-01 9.494667595546e-02
1.904761904762e-01 1.018489355942e-01
2.063492063492e-01 1.084244609728e-01
2.222222222222e-01 1.146748242216e-01
2.380952380952e-01 1.206066134054e-01
2.539682539683e-01 1.262245589669e-01
2.698412698413e-01 1.315265488635e-01
2.857142857143e-01 1.365030940698e-01
3.015873015873e-01 1.411411179045e-01
3.174603174603e-01 1.454295685601e-01
3.333333333333e-01 1.493635473086e-01
3.492063492063e-01 1.529447252086e-01
3.650793650794e-01 1.561780648049e-01
3.809523809524e-01 1.590669562183e-01
3.968253968254e-01 1.616096631815e-01
4.126984126984e-01 1.637990817039e-01
4.285714285714e-01 1.656258225941e-01
4.444444444444e-01 1.670827104107e-01
4.603174603175e-01 1.681680327237e-01
4.761904761905e-01 1.688856716027e-01
4.920634920635e-01 1.692421066781e-01
5.079365079365e-01 1.692421066781e-01
5.238095238095e-01 1.688856716027e-01
5.396825396825e-01 1.681680327237e-01
5.555555555556e-01 1.670827104107e-01
5.714285714286e-01 1.656258225941e-01
5.873015873016e-01 1.637990817039e-01
6.031746031746e-01 1.616096631815e-01
6.190476190476e-01 1.590669562183e-01
6.349206349206e-01 1.561780648049e-01
6.507936507937e-01 1.529447252086e-01
6.666666666667e-01 1.493635473086e-01
6.825396825397e-01 1.454295685601e-01
6.984126984127e-01 1.411411179045e-01
7.142857142857e-01 1.365030940698e-01
7.301587301587e-01 1.315265488635e-01
7.460317460317e-01 1.262245589669e-01
7.619047619048e-01 1.206066134054e-01
7.777777777778e-01 1.146748242216e-01
7.936507936508e-01 1.084244609728e-01
8.095238095238e-01 1.018489355942e-01
8.253968253968e-01 9.494667595546e-02
8.412698412698e-01 8.772586536201e-02
8.571428571429e-01 8.020377145736e-02
8.730158730159e-01 7.240016489276e-02
8.888888888889e-01 6.432780370079e-02
9.047619047619e-01 5.598527964806e-02
9.206349206349e-01 4.735727365397e-02
9.365079365079e-01 3.842426697596e-02
9.523809523810e-01 2.917924795761e-02
9.682539682540e-01 1.964507168044e-02
9.841269841270e-01 9.884859429065e-03
1.000000000000e+00 2.459381544822e-17
