0.000000000000e+00 0.000000000000e+00
1.587301587302e-02 1.893224932535e-02
3.174603174603e-02 3.771561121535e-02
4.761904761905e-02 5.622455591436e-02
6.349206349206e-02 7.437201865634e-02
7.936507936508e-02 9.211149431903e-02
9.523809523810e-02 1.094267306525e-01
1.111111111111e-01 1.263144570638e-01
1.269841269841e-01 1.427677611451e-01
1.428571428571e-01 1.587664548015e-01
1.587301587302e-01 1.742768894984e-01
1.746031746032e-01 1.892591733740e-01
1.904761904762e-01 2.036767427128e-01
2.063492063492e-01 2.175029912387e-01
2.222222222222e-01 2.307219811707e-01
2.380952380952e-01 2.433237357080e-01
2.539682539683e-01 2.552973896660e-01
2.698412698413e-01 2.666262213320e-01
2.857142857143e-01 2.772871276655e-01
3.015873015873e-01 2.872544168703e-01
3.174603174603e-01 2.965054183957e-01
3.333333333333e-01 3.050246036013e-01
3.492063492063e-01 3.128039907443e-01
3.650793650794e-01 3.198398516606e-01
3.809523809524e-01 3.261278304480e-01
3.968253968254e-01 3.316593706201e-01
4.126984126984e-01 3.364214543127e-01
4.285714285714e-01 3.403996656335e-01
4.444444444444e-01 3.435826715289e-01
4.603174603175e-01 3.459654547782e-01
4.761904761905e-01 3.475494316651e-01
4.920634920635e-01 3.483394441999e-01
5.079365079365e-01 3.483394441999e-01
5.238095238095e-01 3.475494316651e-01
5.396825396825e-01 3.459654547782e-01
5.555555555556e-01 3.435826715289e-01
5.714285714286e-01 3.403996656335e-01
5.873015873016e-01 3.364214543127e-01
6.031746031746e-01 3.316593706201e-01
6.190476190476e-01 3.261278304480e-01
6.349206349206e-01 3.198398516606e-01
6.507936507937e-01 3.128039907443e-01
6.666666666667e-01 3.050246036013e-01
6.825396825397e-01 2.965054183957e-01
6.984126984127e-01 2.872544168703e-01
7.142857142857e-01 2.772871276655e-01
7.301587301587e-01 2.666262213320e-01
7.460317460317e-01 2.552973896660e-01
7.619047619048e-01 2.433237357080e-01
7.777777777778e-01 2.307219811707e-01
7.936507936508e-01 2.175029912387e-01
8.095238095238e-01 2.036767427128e-01
8.253968253968e-01 1.892591733740e-01
8.412698412698e-01 1.742768894984e-01
8.571428571429e-01 1.587664548015e-01
8.730158730159e-01 1.427677611451e-01
8.888888888889e-01 1.263144570638e-01
9.047619047619e-01 1.094267306525e-01
9.206349206349e-01 9.211149431903e-02
9.365079365079e-01 7.437201865634e-02
9.523809523810e-01 5.622455591436e-02
9.682539682540e-01 3.771561121535e-02
9.841269841270e-01 1.893224932535e-02
1.000000000000e+00 4.682276201353e-17
