0.000000000000e+00 0.000000000000e+00
1.587301587302e-02 1.002038558383e-02
3.174603174603e-02 1.978376810527e-02
4.761904761905e-02 2.928509870012e-02
6.349206349206e-02 3.851933195146e-02
7.936507936508e-02 4.748142839130e-02
9.523809523810e-02 5.616635789825e-02
1.111111111111e-01 6.456910422977e-02
1.269841269841e-01 7.268467088062e-02
1.428571428571e-01 8.050808840592e-02
1.587301587302e-01 8.803442329050e-02
1.746031746032e-01 9.525878838858e-02
1.904761904762e-01 1.021763549025e-01
2.063492063492e-01 1.087823658170e-01
2.222222222222e-01 1.150721506610e-01
2.380952380952e-01 1.210411414290e-01
2.539682539683e-01 1.266848894630e-01
2.698412698413e-01 1.319990830746e-01
2.857142857143e-01 1.369795656695e-01
3.015873015873e-01 1.416223541305e-01
3.174603174603e-01 1.459236572103e-01
3.333333333333e-01 1.498798936952e-01
3.492063492063e-01 1.534877101022e-01
3.650793650794e-01 1.567439976919e-01
3.809523809524e-01 1.596459085883e-01
3.968253968254e-01 1.621908708187e-01
4.126984126984e-01 1.643766021043e-01
4.285714285714e-01 1.662011222482e-01
4.444444444444e-01 1.676627639941e-01
4.603174603175e-01 1.687601822405e-01
4.761904761905e-01 1.694923615214e-01
4.920634920635e-01 1.698586216798e-01
5.079365079365e-01 1.698586216798e-01
5.238095238095e-01 1.694923615214e-01
5.396825396825e-01 1.687601822405e-01
5.555555555556e-01 1.676627639941e-01
5.714285714286e-01 1.662011222482e-01
5.873015873016e-01 1.643766021043e-01
6.031746031746e-01 1.621908708187e-01
6.190476190476e-01 1.596459085883e-01
6.349206349206e-01 1.567439976919e-01
6.507936507937e-01 1.534877101022e-01
6.666666666667e-01 1.498798936952e-01
6.825396825397e-01 1.459236572103e-01
6.984126984127e-01 1.416223541305e-01
7.142857142857e-01 1.369795656695e-01
7.301587301587e-01 1.319990830746e-01
7.460317460317e-01 1.266848894630e-01
7.619047619048e-01 1.210411414290e-01
7.777777777778e-01 1.150721506610e-01
7.936507936508e-01 1.087823658170e-01
8.095238095238e-01 1.021763549025e-01
8.253968253968e-01 9.525878838858e-02
8.412698412698e-01 8.803442329050e-02
8.571428571429e-01 8.050808840592e-02
8.730158730159e-01 7.268467088062e-02
8.888888888889e-01 6.456910422977e-02
9.047619047619e-01 5.616635789825e-02
9.206349206349e-01 4.748142839130e-02
9.365079365079e-01 3.851933195146e-02
9.523809523810e-01 2.928509870012e-02
9.682539682540e-01 1.978376810527e-02
9.841269841270e-01 1.002038558383e-02
1.000000000000e+00 0.000000000000e+00
