0.000000000000e+00 0.000000000000e+00
1.587301587302e-02 1.908825202123e-02
3.174603174603e-02 3.789511153072e-02
4.761904761905e-02 5.639124208325e-02
6.349206349206e-02 7.454751324240e-02
7.936507936508e-02 9.233510144906e-02
9.523809523810e-02 1.097255883545e-01
1.111111111111e-01 1.266910558206e-01
1.269841269841e-01 1.432041768308e-01
1.428571428571e-01 1.592383016124e-01
1.587301587302e-01 1.747675383331e-01
1.746031746032e-01 1.897668278199e-01
1.904761904762e-01 2.042120118360e-01
2.063492063492e-01 2.180798945557e-01
2.222222222222e-01 2.313482969908e-01
2.380952380952e-01 2.439961042409e-01
2.539682539683e-01 2.560033055642e-01
2.698412698413e-01 2.673510273911e-01
2.857142857143e-01 2.780215595267e-01
3.015873015873e-01 2.879983749069e-01
3.174603174603e-01 2.972661433791e-01
3.333333333333e-01 3.058107400771e-01
3.492063492063e-01 3.136192490410e-01
3.650793650794e-01 3.206799627956e-01
3.809523809524e-01 3.269823786441e-01
3.968253968254e-01 3.325171924593e-01
4.126984126984e-01 3.372762907531e-01
4.285714285714e-01 3.412527417879e-01
4.444444444444e-01 3.444407864480e-01
4.603174603175e-01 3.468358295335e-01
4.761904761905e-01 3.484344320530e-01
4.920634920635e-01 3.492343050024e-01
5.079365079365e-01 3.492343050024e-01
5.238095238095e-01 3.484344320530e-01
5.396825396825e-01 3.468358295335e-01
5.555555555556e-01 3.444407864480e-01
5.714285714286e-01 3.412527417879e-01
5.873015873016e-01 3.372762907531e-01
6.031746031746e-01 3.325171924593e-01
6.190476190476e-01 3.269823786441e-01
6.349206349206e-01 3.206799627956e-01
6.507936507937e-01 3.136192490410e-01
6.666666666667e-01 3.058107400771e-01
6.825396825397e-01 2.972661433791e-01
6.984126984127e-01 2.879983749069e-01
7.142857142857e-01 2.780215595267e-01
7.301587301587e-01 2.673510273911e-01
7.460317460317e-01 2.560033055642e-01
7.619047619048e-01 2.439961042409e-01
7.777777777778e-01 2.313482969908e-01
7.936507936508e-01 2.180798945557e-01
8.095238095238e-01 2.042120118360e-01
8.253968253968e-01 1.897668278199e-01
8.412698412698e-01 1.747675383331e-01
8.571428571429e-01 1.592383016124e-01
8.730158730159e-01 1.432041768308e-01
8.888888888889e-01 1.266910558206e-01
9.047619047619e-01 1.097255883545e-01
9.206349206349e-01 9.233510144906e-02
9.365079365079e-01 7.454751324240e-02
9.523809523810e-01 5.639124208325e-02
9.682539682540e-01 3.789511153072e-02
9.841269841270e-01 1.908825202123e-02
1.000000000000e+00 0.000000000000e+00
