0.000000000000e+00 0.000000000000e+00
1.587301587302e-02 6.542694868662e-03
3.174603174603e-02 1.283709027135e-02
4.761904761905e-02 1.888681801712e-02
6.349206349206e-02 2.469546760162e-02
7.936507936508e-02 3.026656604180e-02
9.523809523810e-02 3.560355886027e-02
1.111111111111e-01 4.070979253855e-02
1.269841269841e-01 4.558849870823e-02
1.428571428571e-01 5.024278029189e-02
1.587301587302e-01 5.467559974430e-02
1.746031746032e-01 5.888976948179e-02
1.904761904762e-01 6.288794452654e-02
2.063492063492e-01 6.667261733514e-02
2.222222222222e-01 7.024611472887e-02
2.380952380952e-01 7.361059679829e-02
2.539682539683e-01 7.676805761739e-02
2.698412698413e-01 7.972032757358e-02
2.857142857143e-01 8.246907709839e-02
3.015873015873e-01 8.501582157019e-02
3.174603174603e-01 8.736192715355e-02
3.333333333333e-01 8.950861733897e-02
3.492063492063e-01 9.145697995163e-02
3.650793650794e-01 9.320797440630e-02
3.809523809524e-01 9.476243899831e-02
3.968253968254e-01 9.612109803507e-02
4.126984126984e-01 9.728456863004e-02
4.285714285714e-01 9.825336699916e-02
4.444444444444e-01 9.902791411921e-02
4.603174603175e-01 9.960854062729e-02
4.761904761905e-01 9.999549086090e-02
4.920634920635e-01 1.001889259582e-01
5.079365079365e-01 1.001889259582e-01
5.238095238095e-01 9.999549086090e-02
5.396825396825e-01 9.960854062729e-02
5.555555555556e-01 9.902791411921e-02
5.714285714286e-01 9.825336699916e-02
5.873015873016e-01 9.728456863004e-02
6.031746031746e-01 9.612109803507e-02
6.190476190476e-01 9.476243899831e-02
6.349206349206e-01 9.320797440630e-02
6.507936507937e-01 9.145697995163e-02
6.666666666667e-01 8.950861733897e-02
6.825396825397e-01 8.736192715355e-02
6.984126984127e-01 8.501582157019e-02
7.142857142857e-01 8.246907709839e-02
7.301587301587e-01 7.972032757358e-02
7.460317460317e-01 7.676805761739e-02
7.619047619048e-01 7.361059679829e-02
7.777777777778e-01 7.024611472887e-02
7.936507936508e-01 6.667261733514e-02
8.095238095238e-01 6.288794452654e-02
8.253968253968e-01 5.888976948179e-02
8.412698412698e-01 5.467559974430e-02
8.571428571429e-01 5.024278029189e-02
8.730158730159e-01 4.558849870823e-02
8.888888888889e-01 4.070979253855e-02
9.047619047619e-01 3.560355886027e-02
9.206349206349e-01 3.026656604180e-02
9.365079365079e-01 2.469546760162e-02
9.523809523810e-01 1.888681801712e-02
9.682539682540e-01 1.283709027135e-02
9.841269841270e-01 6.542694868662e-03
1.000000000000e+00 0.000000000000e+00
