0.000000000000e+00 0.000000000000e+00
1.587301587302e-02 4.341589966854e-02
3.174603174603e-02 8.643230085507e-02
4.761904761905e-02 1.289033901179e-01
6.349206349206e-02 1.706867811061e-01
7.936507936508e-02 2.116451348145e-01
9.523809523810e-02 2.516476707136e-01
1.111111111111e-01 2.905715369831e-01
1.269841269841e-01 3.283030118234e-01
1.428571428571e-01 3.647385122666e-01
1.587301587302e-01 3.997853919084e-01
1.746031746032e-01 4.333625143779e-01
1.904761904762e-01 4.654005949875e-01
2.063492063492e-01 4.958423086925e-01
2.222222222222e-01 5.246421680716e-01
2.380952380952e-01 5.517661803680e-01
2.539682539683e-01 5.771912975633e-01
2.698412698413e-01 6.009046778837e-01
2.857142857143e-01 6.229027809567e-01
3.015873015873e-01 6.431903219880e-01
3.174603174603e-01 6.617791127618e-01
3.333333333333e-01 6.786868189687e-01
3.492063492063e-01 6.939356643380e-01
3.650793650794e-01 7.075511123167e-01
3.809523809524e-01 7.195605556447e-01
3.968253968254e-01 7.299920431672e-01
4.126984126984e-01 7.388730716791e-01
4.285714285714e-01 7.462294685652e-01
4.444444444444e-01 7.520843885674e-01
4.603174603175e-01 7.564574452344e-01
4.761904761905e-01 7.593639945599e-01
4.920634920635e-01 7.608145850531e-01
5.079365079365e-01 7.608145850531e-01
5.238095238095e-01 7.593639945599e-01
5.396825396825e-01 7.564574452344e-01
5.555555555556e-01 7.520843885674e-01
5.714285714286e-01 7.462294685652e-01
5.873015873016e-01 7.388730716791e-01
6.031746031746e-01 7.299920431672e-01
6.190476190476e-01 7.195605556447e-01
6.349206349206e-01 7.075511123167e-01
6.507936507937e-01 6.939356643380e-01
6.666666666667e-01 6.786868189687e-01
6.825396825397e-01 6.617791127618e-01
6.984126984127e-01 6.431903219880e-01
7.142857142857e-01 6.229027809567e-01
7.301587301587e-01 6.009046778837e-01
7.460317460317e-01 5.771912975633e-01
7.619047619048e-01 5.517661803680e-01
7.777777777778e-01 5.246421680716e-01
7.936507936508e-01 4.958423086925e-01
8.095238095238e-01 4.654005949875e-01
8.253968253968e-01 4.333625143779e-01
8.412698412698e-01 3.997853919084e-01
8.571428571429e-01 3.647385122666e-01
8.730158730159e-01 3.283030118234e-01
8.888888888889e-01 2.905715369831e-01
9.047619047619e-01 2.516476707136e-01
9.206349206349e-01 2.116451348145e-01
9.365079365079e-01 1.706867811061e-01
9.523809523810e-01 1.289033901179e-01
9.682539682540e-01 8.643230085507e-02
9.841269841270e-01 4.341589966854e-02
1.000000000000e+00 0.000000000000e+00
