0.000000000000e+00 0.000000000000e+00
7.874015748031e-03 2.627645279343e-03
1.574803149606e-02 5.194105410139e-03
2.362204724409e-02 7.700194672729e-03
3.149606299213e-02 1.014672595901e-02
3.937007874016e-02 1.253451008268e-02
4.724409448819e-02 1.486435509467e-02
5.511811023622e-02 1.713706560574e-02
6.299212598425e-02 1.935344211753e-02
7.086614173228e-02 2.151428036393e-02
7.874015748031e-02 2.362037066414e-02
8.661417322835e-02 2.567249728888e-02
9.448818897638e-02 2.767143784108e-02
1.023622047244e-01 2.961796265222e-02
1.102362204724e-01 3.151283419553e-02
1.181102362205e-01 3.335680651697e-02
1.259842519685e-01 3.515062468488e-02
1.338582677165e-01 3.689502425917e-02
1.417322834646e-01 3.859073078047e-02
1.496062992126e-01 4.023845928008e-02
1.574803149606e-01 4.183891381076e-02
1.653543307087e-01 4.339278699900e-02
1.732283464567e-01 4.490075961864e-02
1.811023622047e-01 4.636350018612e-02
1.889763779528e-01 4.778166457720e-02
1.968503937008e-01 4.915589566504e-02
2.047244094488e-01 5.048682297941e-02
2.125984251969e-01 5.177506238674e-02
2.204724409449e-01 5.302121579054e-02
2.283464566929e-01 5.422587085177e-02
2.362204724409e-01 5.538960072865e-02
2.440944881890e-01 5.651296383524e-02
2.519685039370e-01 5.759650361823e-02
2.598425196850e-01 5.864074835120e-02
2.677165354331e-01 5.964621094569e-02
2.755905511811e-01 6.061338877823e-02
2.834645669291e-01 6.154276353272e-02
2.913385826772e-01 6.243480105720e-02
2.992125984252e-01 6.328995123437e-02
3.070866141732e-01 6.410864786492e-02
3.149606299213e-01 6.489130856300e-02
3.228346456693e-01 6.563833466296e-02
3.307086614173e-01 6.635011113656e-02
3.385826771654e-01 6.702700651997e-02
3.464566929134e-01 6.766937284969e-02
3.543307086614e-01 6.827754560670e-02
3.622047244094e-01 6.885184366820e-02
3.700787401575e-01 6.939256926615e-02
3.779527559055e-01 6.990000795193e-02
3.858267716535e-01 7.037442856661e-02
3.937007874016e-01 7.081608321616e-02
4.015748031496e-01 7.122520725094e-02
4.094488188976e-01 7.160201924912e-02
4.173228346457e-01 7.194672100332e-02
4.251968503937e-01 7.225949751019e-02
4.330708661417e-01 7.254051696235e-02
4.409448818898e-01 7.278993074231e-02
4.488188976378e-01 7.300787341815e-02
4.566929133858e-01 7.319446274036e-02
4.645669291339e-01 7.334979963987e-02
4.724409448819e-01 7.347396822672e-02
4.803149606299e-01 7.356703578931e-02
4.881889763780e-01 7.362905279411e-02
4.960629921260e-01 7.366005288543e-02
5.039370078740e-01 7.366005288543e-02
5.118110236220e-01 7.362905279411e-02
5.196850393701e-01 7.356703578931e-02
5.275590551181e-01 7.347396822672e-02
5.354330708661e-01 7.334979963987e-02
5.433070866142e-01 7.319446274036e-02
5.511811023622e-01 7.300787341815e-02
5.590551181102e-01 7.278993074231e-02
5.669291338583e-01 7.254051696235e-02
5.748031496063e-01 7.225949751019e-02
5.826771653543e-01 7.194672100332e-02
5.905511811024e-01 7.160201924912e-02
5.984251968504e-01 7.122520725094e-02
6.062992125984e-01 7.081608321616e-02
6.141732283465e-01 7.037442856661e-02
6.220472440945e-01 6.990000795193e-02
6.299212598425e-01 6.939256926615e-02
6.377952755906e-01 6.885184366820e-02
6.456692913386e-01 6.827754560670e-02
6.535433070866e-01 6.766937284969e-02
6.614173228346e-01 6.702700651997e-02
6.692913385827e-01 6.635011113656e-02
6.771653543307e-01 6.563833466296e-02
6.850393700787e-01 6.489130856300e-02
6.929133858268e-01 6.410864786492e-02
7.007874015748e-01 6.328995123437e-02
7.086614173228e-01 6.243480105720e-02
7.165354330709e-01 6.154276353272e-02
7.244094488189e-01 6.061338877823e-02
7.322834645669e-01 5.964621094569e-02
7.401574803150e-01 5.864074835120e-02
7.480314960630e-01 5.759650361823e-02
7.559055118110e-01 5.651296383524e-02
7.637795275591e-01 5.538960072865e-02
7.716535433071e-01 5.422587085177e-02
7.795275590551e-01 5.302121579054e-02
7.874015748031e-01 5.177506238674e-02
7.952755905512e-01 5.048682297941e-02
8.031496062992e-01 4.915589566504e-02
8.110236220472e-01 4.778166457720e-02
8.188976377953e-01 4.636350018612e-02
8.267716535433e-01 4.490075961864e-02
8.346456692913e-01 4.339278699900e-02
8.425196850394e-01 4.183891381076e-02
8.503937007874e-01 4.023845928008e-02
8.582677165354e-01 3.859073078047e-02
8.661417322835e-01 3.689502425917e-02
8.740157480315e-01 3.515062468488e-02
8.818897637795e-01 3.335680651697e-02
8.897637795276e-01 3.151283419553e-02
8.976377952756e-01 2.961796265222e-02
9.055118110236e-01 2.767143784108e-02
9.133858267717e-01 2.567249728888e-02
9.212598425197e-01 2.362037066414e-02
9.291338582677e-01 2.151428036393e-02
9.370078740157e-01 1.935344211753e-02
9.448818897638e-01 1.713706560574e-02
9.527559055118e-01 1.486435509467e-02
9.606299212598e-01 1.253451008268e-02
9.685039370079e-01 1.014672595901e-02
9.763779527559e-01 7.700194672729e-03
9.842519685039e-01 5.194105410139e-03
9.921259842520e-01 2.627645279343e-03
1.000000000000e+00 0.000000000000e+00
